p cnf 120 480
70 59 -18 0
35 -53 32 0
-117 44 -61 0
59 -58 48 0
63 -43 -92 0
85 66 64 0
33 -48 112 0
22 73 -2 0
2 -36 68 0
107 118 82 0
27 -113 -60 0
-38 -26 48 0
27 -101 119 0
-95 -25 -34 0
85 -87 -40 0
-27 -94 22 0
67 117 -16 0
-92 -97 117 0
38 78 93 0
27 2 41 0
-28 117 120 0
-105 -26 -65 0
31 38 87 0
-5 82 21 0
-85 66 55 0
-92 -76 112 0
110 -5 27 0
59 -23 -16 0
92 -30 78 0
-108 -103 94 0
23 -110 -18 0
-37 69 13 0
-93 25 -39 0
-96 -52 46 0
47 27 70 0
-57 -41 -53 0
-27 64 -1 0
-55 -11 81 0
110 -50 45 0
26 111 -103 0
-35 23 -76 0
-13 36 62 0
8 -2 -66 0
-66 1 72 0
65 119 -20 0
107 -3 -1 0
69 -53 -66 0
-20 101 91 0
-86 -76 7 0
115 106 -14 0
-105 -73 -52 0
46 67 106 0
-41 24 21 0
19 -8 38 0
99 29 -98 0
34 -86 -59 0
120 -58 -5 0
109 93 -97 0
64 17 91 0
-97 -34 -17 0
-40 -77 19 0
-13 -103 -75 0
105 23 66 0
-46 98 -72 0
107 -114 45 0
-16 -44 -72 0
-99 64 -18 0
-68 -73 63 0
-74 -19 41 0
-103 17 -31 0
-98 -9 18 0
74 -37 77 0
-27 40 91 0
-108 -73 -78 0
95 3 -28 0
-29 71 17 0
-109 76 91 0
-71 32 -87 0
-83 37 72 0
11 47 14 0
-38 -63 70 0
60 33 75 0
-31 112 -118 0
48 -17 -98 0
-62 -110 -105 0
46 -36 -114 0
-58 -36 60 0
-94 -7 8 0
-35 76 10 0
3 -25 -43 0
107 -22 -67 0
-119 61 -95 0
-16 -74 -73 0
43 84 8 0
87 33 114 0
57 54 -20 0
69 -9 -110 0
109 58 -48 0
-11 -8 -47 0
94 86 -75 0
38 23 -73 0
-32 57 98 0
-25 70 -80 0
-91 -87 -64 0
104 10 35 0
-11 -87 -27 0
75 43 -91 0
-41 98 76 0
-100 -19 -15 0
-71 -103 -59 0
35 72 102 0
23 29 44 0
69 -113 -66 0
-87 97 -95 0
51 100 108 0
-33 -99 7 0
-67 120 78 0
93 -119 55 0
-8 -93 -7 0
86 103 74 0
-95 -103 82 0
24 -2 -114 0
66 -96 -26 0
-112 51 -16 0
22 98 -38 0
77 -28 68 0
-32 1 114 0
103 -64 -99 0
-107 -114 -45 0
-70 -94 61 0
81 118 60 0
82 36 -115 0
60 64 -54 0
77 -12 -53 0
63 114 41 0
31 -55 94 0
-93 68 -8 0
-21 -30 -63 0
118 107 -80 0
50 25 51 0
-89 51 -101 0
-1 -70 65 0
2 16 -33 0
-106 -80 -31 0
-115 -54 96 0
-75 -118 -21 0
83 -90 14 0
24 54 115 0
-33 -75 -39 0
-110 -39 96 0
-68 46 -12 0
-78 -7 -108 0
-78 -94 50 0
-118 -96 70 0
-58 107 51 0
94 13 48 0
-68 102 -44 0
86 76 116 0
-19 79 -57 0
-111 71 75 0
51 -103 30 0
118 52 -62 0
-29 88 42 0
89 -35 -75 0
56 5 15 0
67 -92 -104 0
80 -11 37 0
6 119 7 0
-49 -84 3 0
-89 14 77 0
-51 93 -106 0
-11 88 107 0
-19 30 42 0
24 102 49 0
-108 39 1 0
114 -109 103 0
36 -45 118 0
-27 -58 -103 0
109 -107 -96 0
-65 52 75 0
90 -96 -18 0
-36 55 40 0
96 -52 105 0
-12 31 -54 0
-25 80 101 0
-1 -94 -12 0
37 28 -119 0
16 -108 119 0
-93 -65 119 0
-1 -108 -92 0
106 -14 51 0
53 64 -50 0
-2 28 4 0
-81 -27 82 0
118 -40 -26 0
58 86 73 0
-80 95 69 0
-76 -81 59 0
-120 43 -19 0
-43 -78 -113 0
77 -97 -105 0
50 -53 -78 0
31 63 8 0
58 115 -25 0
96 20 12 0
19 -46 2 0
-35 77 66 0
-72 -67 -71 0
-118 -72 -92 0
-116 26 95 0
-11 117 99 0
-70 40 91 0
60 -73 -47 0
63 -6 27 0
86 -27 -29 0
13 105 87 0
119 79 -55 0
-15 -75 104 0
-93 -37 -36 0
-67 -69 105 0
86 8 -117 0
-17 2 25 0
-8 34 109 0
76 46 -42 0
-39 -75 -65 0
68 -47 91 0
41 22 -74 0
-82 68 35 0
-3 -120 -86 0
1 -21 95 0
5 106 117 0
-78 47 55 0
-8 -64 114 0
2 -80 35 0
33 -41 102 0
9 57 -13 0
-62 -74 -52 0
-99 7 -117 0
-12 -107 -102 0
-16 41 -51 0
-71 -112 45 0
44 -86 -77 0
-101 68 -89 0
99 -54 -63 0
-91 34 6 0
-16 -15 -67 0
-12 -29 91 0
-106 -32 -51 0
-102 84 98 0
-54 -104 110 0
70 57 3 0
-80 17 -67 0
-26 -25 60 0
44 92 -50 0
116 -93 -35 0
-116 -2 60 0
40 101 -51 0
41 -57 -18 0
-66 76 114 0
-25 99 55 0
62 -117 -94 0
-60 -51 -61 0
70 -48 -31 0
114 -109 4 0
-58 -67 -9 0
41 -42 117 0
-68 -21 -79 0
98 54 26 0
-73 51 72 0
-27 66 29 0
-85 119 -89 0
-13 -43 34 0
-106 22 20 0
115 -50 17 0
83 113 -7 0
77 81 88 0
62 77 5 0
-90 -104 21 0
21 79 -35 0
62 9 8 0
75 -97 -23 0
-76 -36 -52 0
13 22 115 0
-95 -32 77 0
11 55 65 0
17 18 38 0
-49 -108 -9 0
108 -44 -114 0
-27 -45 5 0
-5 4 26 0
-113 -70 27 0
-34 85 22 0
44 -106 3 0
116 59 87 0
26 69 14 0
-80 -120 26 0
-26 -100 -105 0
81 -42 108 0
43 71 103 0
84 -73 -79 0
63 -38 76 0
99 18 -10 0
-14 108 -17 0
68 111 -117 0
-22 -31 -55 0
4 48 80 0
95 -87 -7 0
106 67 68 0
59 6 -16 0
-7 66 114 0
-9 -109 -30 0
-43 109 108 0
97 119 57 0
-110 -64 37 0
100 99 71 0
29 82 118 0
60 -107 -41 0
34 59 44 0
-82 103 -11 0
88 -61 11 0
31 81 -39 0
-102 -110 25 0
-55 -22 74 0
100 -81 -45 0
100 -65 -62 0
42 -105 -83 0
72 120 25 0
-66 57 55 0
24 30 -108 0
-67 -69 119 0
85 94 26 0
83 105 -21 0
81 -71 37 0
11 -31 -35 0
97 90 -95 0
-40 112 111 0
-53 106 18 0
29 -76 107 0
-96 43 -29 0
-8 34 9 0
65 40 -42 0
10 -35 4 0
67 100 -79 0
-5 -118 -96 0
2 -93 -118 0
18 -31 -11 0
-106 58 -51 0
36 33 -26 0
-91 -51 -24 0
-19 101 98 0
-83 -32 45 0
-49 -54 -26 0
-30 77 -68 0
-37 -4 110 0
104 -27 110 0
-54 -111 56 0
7 -49 -81 0
-20 -6 -36 0
-69 -95 -31 0
-74 -83 -90 0
-104 -23 -100 0
113 -54 22 0
98 108 8 0
48 -79 12 0
98 114 57 0
-4 -91 5 0
-89 32 -21 0
20 -85 -93 0
-14 -23 -18 0
-72 -111 -40 0
13 70 61 0
-28 55 43 0
103 -65 45 0
22 32 50 0
-86 52 76 0
-35 -39 51 0
28 31 105 0
53 41 -75 0
5 93 19 0
-103 -50 -6 0
116 -114 -24 0
-2 99 -1 0
9 -105 37 0
-102 56 -82 0
-79 -57 -89 0
-4 -77 94 0
-25 23 119 0
77 60 -39 0
-113 -9 -77 0
-114 17 -34 0
96 45 -26 0
-24 -112 -36 0
-44 -100 -37 0
71 22 69 0
24 -117 -103 0
1 -51 114 0
-62 109 46 0
-27 120 -64 0
-8 49 -69 0
112 42 -116 0
-114 -78 32 0
112 71 10 0
-100 -76 17 0
-119 18 46 0
-27 42 -8 0
-75 -17 -38 0
86 13 -105 0
-23 33 55 0
-102 66 75 0
76 11 -32 0
-19 11 2 0
-83 -61 -3 0
93 -1 -116 0
-47 92 -87 0
94 -19 -23 0
1 21 -76 0
-43 -101 117 0
-20 -1 -87 0
-67 76 4 0
-69 67 80 0
-1 -10 75 0
27 -107 92 0
102 56 -115 0
-73 34 -83 0
61 117 -102 0
-97 -20 -107 0
-47 75 3 0
119 13 62 0
68 60 -34 0
-2 37 94 0
-66 -95 31 0
43 77 101 0
-27 -56 -26 0
46 3 66 0
111 -3 58 0
-36 29 -72 0
75 -16 102 0
-102 79 32 0
-26 69 -54 0
-56 -65 -62 0
-17 101 90 0
-96 -37 75 0
-90 -10 85 0
16 -110 -9 0
82 78 -98 0
4 99 -31 0
-35 -104 100 0
-80 -105 -110 0
2 50 73 0
25 -99 -43 0
-104 -62 -21 0
22 90 109 0
-54 11 -30 0
-99 108 -22 0
-70 -85 -20 0
-108 37 77 0
-13 -96 102 0
36 25 -64 0
-29 -76 -62 0
68 15 -35 0
-15 -28 -62 0
-101 73 -49 0
-32 -72 -113 0
-101 49 28 0
-25 97 103 0
56 24 -40 0
59 -39 -80 0
49 26 39 0
-8 38 -75 0
-38 -24 -2 0
-16 -115 13 0
-3 38 -66 0
104 99 -107 0
19 -28 41 0
-106 -65 83 0
119 -4 8 0
-10 78 28 0
-35 10 -4 0
-14 101 63 0
15 -91 40 0
