p cnf 120 480
-38 78 106 0
-44 106 111 0
85 -76 39 0
74 67 -95 0
103 30 32 0
84 -120 -110 0
-2 108 10 0
-71 -37 -57 0
-114 64 58 0
58 -100 26 0
94 -70 6 0
-76 77 5 0
11 107 -94 0
-107 65 60 0
-46 32 -2 0
19 -94 73 0
-43 19 -71 0
-20 35 97 0
-84 -116 -7 0
-111 78 -109 0
-110 65 62 0
103 -96 -35 0
-96 -103 -109 0
-52 -106 -72 0
25 -80 93 0
18 -14 -34 0
-92 -81 -83 0
-26 -48 74 0
-14 -96 110 0
-12 -102 112 0
86 90 -95 0
-105 27 -33 0
18 -86 102 0
-82 95 64 0
16 -13 50 0
-17 21 -73 0
119 -69 77 0
-62 118 -81 0
-47 90 -29 0
79 1 -66 0
25 120 -73 0
120 18 69 0
-6 -28 -53 0
-120 26 -42 0
92 -58 21 0
110 68 50 0
30 85 32 0
-38 74 -102 0
-112 -110 102 0
49 -50 63 0
67 -15 51 0
-119 -60 88 0
-51 -92 -102 0
57 -85 -59 0
18 -13 -100 0
-53 -75 58 0
-75 -24 38 0
61 84 46 0
-106 57 -101 0
-106 76 -26 0
-97 -90 -26 0
101 -20 13 0
77 55 -82 0
-55 -76 -40 0
68 -80 -70 0
-113 56 34 0
108 -84 -92 0
94 -80 33 0
-66 -4 -118 0
48 -71 -58 0
90 -27 -29 0
22 -68 20 0
-7 96 6 0
27 -28 -61 0
-50 54 98 0
41 26 -5 0
92 71 41 0
-83 69 67 0
81 28 -51 0
97 -44 27 0
-94 -33 54 0
13 -109 21 0
14 -105 35 0
118 42 60 0
6 8 -52 0
-16 -69 22 0
51 -115 -86 0
13 116 -93 0
90 -51 108 0
-21 -41 -7 0
31 104 77 0
-43 81 59 0
15 19 89 0
-39 -57 114 0
110 114 49 0
1 103 -106 0
-40 20 37 0
26 60 5 0
120 -26 -6 0
-44 -25 88 0
-110 22 -27 0
-76 -35 -118 0
78 72 -18 0
-85 -1 -42 0
103 43 54 0
15 -77 -113 0
-112 100 83 0
-111 109 -33 0
11 -62 -66 0
-101 91 74 0
-39 3 -16 0
-117 73 -52 0
-11 78 40 0
98 75 10 0
-42 44 47 0
2 91 5 0
-57 -96 -38 0
59 -94 71 0
42 81 -13 0
72 34 -89 0
28 -89 -78 0
112 67 -33 0
89 2 -46 0
-63 -98 84 0
-7 -112 -8 0
74 -100 -30 0
84 63 -44 0
116 -16 40 0
26 120 -70 0
42 6 -61 0
-45 26 107 0
-56 58 28 0
-47 -105 -45 0
19 -109 -25 0
77 -24 -48 0
-42 113 -99 0
38 -27 -120 0
76 -101 73 0
-5 -118 -14 0
-90 86 67 0
-101 52 107 0
-37 72 10 0
-44 -101 -11 0
-22 45 53 0
-83 109 -29 0
-87 4 88 0
-85 1 -93 0
15 73 66 0
-108 11 -48 0
-35 -80 -79 0
-90 -14 -10 0
-114 -67 1 0
80 -7 108 0
-64 -80 -7 0
-17 81 37 0
89 92 41 0
-120 62 110 0
-16 -81 58 0
90 -42 -65 0
-111 97 102 0
69 -90 51 0
59 81 25 0
83 10 -101 0
-63 -77 27 0
-104 -16 -96 0
72 -95 -59 0
-78 -59 81 0
116 22 -109 0
114 51 -23 0
65 -23 120 0
-49 51 -89 0
40 -42 -94 0
25 65 -98 0
82 -3 56 0
-76 24 37 0
72 97 40 0
48 -34 -46 0
-113 84 93 0
-63 79 92 0
-107 101 81 0
120 104 -90 0
4 19 -25 0
43 3 66 0
9 -95 -83 0
-41 -30 40 0
-81 36 63 0
-73 31 -79 0
-80 33 -47 0
65 13 -77 0
-107 -17 54 0
67 -59 40 0
117 -81 -16 0
104 -97 -91 0
29 116 -68 0
-49 -11 16 0
-80 94 -13 0
-91 17 -10 0
-41 -85 -9 0
17 -23 -35 0
79 -115 75 0
93 -28 -86 0
79 34 10 0
-81 102 23 0
54 69 -53 0
-41 -23 -120 0
114 -83 52 0
85 -77 32 0
11 51 -119 0
101 -36 118 0
-9 -70 19 0
-53 -2 -28 0
-119 62 58 0
51 -80 87 0
-29 -120 -96 0
104 -68 -73 0
-83 -87 -110 0
-54 -48 21 0
117 -10 -65 0
118 -19 95 0
-60 43 5 0
-118 -41 -107 0
-64 46 -99 0
43 -75 33 0
112 25 -89 0
29 74 81 0
16 -26 4 0
78 67 50 0
-120 54 -58 0
98 116 22 0
93 111 -77 0
25 49 -16 0
-65 113 62 0
-94 -8 93 0
93 42 -98 0
-77 -117 28 0
-106 -40 119 0
19 22 -16 0
-10 7 77 0
-33 -96 15 0
116 -115 67 0
64 -30 -22 0
11 66 37 0
-95 -106 -53 0
64 -79 82 0
100 89 -90 0
-51 -75 58 0
12 -5 -117 0
-4 33 -80 0
47 -43 -41 0
-120 -108 -106 0
-43 34 32 0
82 26 21 0
-90 -69 -77 0
-120 -9 86 0
108 95 32 0
-107 17 -9 0
-35 63 -81 0
94 -76 106 0
4 -98 -104 0
56 76 -89 0
2 -10 -64 0
-82 -118 95 0
-51 -57 4 0
3 -44 -67 0
-81 88 74 0
54 42 55 0
-105 108 -46 0
34 -42 82 0
17 -52 -32 0
98 -100 12 0
59 13 -51 0
-93 -37 46 0
33 14 120 0
-96 -48 10 0
46 23 -74 0
3 18 19 0
-33 48 -19 0
21 -109 105 0
59 23 -54 0
84 -10 87 0
83 27 45 0
-101 110 64 0
-14 -84 -9 0
-82 -86 76 0
-108 23 26 0
64 79 17 0
9 1 -58 0
62 -22 -33 0
-94 -66 54 0
72 7 67 0
14 -98 31 0
29 69 61 0
-86 -14 -87 0
31 28 101 0
93 56 -110 0
-22 72 65 0
25 69 26 0
-100 -73 28 0
-102 -65 -8 0
45 -18 82 0
-10 -120 -2 0
-48 -16 -85 0
97 94 90 0
65 5 51 0
-16 -40 -94 0
42 -40 108 0
70 -1 -46 0
94 47 -10 0
-22 -72 46 0
-93 109 -9 0
76 -75 -36 0
-71 -6 50 0
49 -76 -31 0
13 -5 -9 0
-21 -10 -117 0
-36 -52 104 0
104 -47 50 0
37 88 66 0
114 -35 -110 0
-74 -77 -89 0
68 73 99 0
-7 -83 34 0
-120 2 -49 0
-96 37 -32 0
83 53 -18 0
37 119 106 0
48 19 -54 0
-72 108 -1 0
-99 20 -21 0
-48 56 -113 0
-85 111 -94 0
-40 -60 -37 0
90 87 53 0
-30 -60 -62 0
-64 -113 -24 0
-41 1 55 0
5 40 37 0
-66 -15 2 0
-47 94 -56 0
77 -32 -43 0
-97 2 75 0
5 88 45 0
6 36 -32 0
-119 -65 -21 0
86 112 93 0
81 -65 35 0
10 50 -72 0
42 -11 -98 0
-59 46 -38 0
111 10 -60 0
-27 -43 -113 0
54 95 -23 0
-1 32 -44 0
62 -119 27 0
-68 34 -73 0
24 -32 11 0
78 33 -15 0
6 -59 -48 0
24 -50 1 0
-75 61 -36 0
42 -22 -117 0
62 -20 -44 0
-16 -63 5 0
23 -54 -111 0
58 13 -87 0
-107 -79 -63 0
10 -48 13 0
10 44 -115 0
16 -13 14 0
-92 100 95 0
-17 12 -110 0
-34 -23 45 0
-48 83 3 0
30 70 -17 0
108 57 102 0
111 64 110 0
11 56 87 0
49 84 -44 0
72 -67 -48 0
-15 -59 1 0
-94 -50 -103 0
61 -114 -50 0
-74 -113 87 0
108 -43 114 0
-101 -97 11 0
1 81 -90 0
110 -18 80 0
108 -32 35 0
79 59 87 0
-84 21 105 0
-88 -57 -72 0
-55 92 -71 0
-25 33 -71 0
42 67 -8 0
-6 -1 20 0
98 -9 38 0
80 -85 -27 0
-3 -92 -115 0
79 -115 -60 0
35 -6 -70 0
110 83 90 0
-36 -27 96 0
63 -19 -35 0
53 63 47 0
3 16 -18 0
80 71 -55 0
-36 84 93 0
-24 40 -49 0
53 40 -65 0
49 5 -39 0
-61 116 -33 0
41 -90 -60 0
70 -95 -42 0
54 -50 -48 0
-22 -24 78 0
106 93 109 0
-75 -91 -40 0
-89 -107 94 0
39 -31 -18 0
-108 -98 83 0
-13 -68 78 0
-44 -9 50 0
-1 117 116 0
14 -99 -1 0
119 118 50 0
45 -47 80 0
-60 -96 -47 0
88 -64 33 0
-18 -103 64 0
-4 103 -95 0
-103 -18 -27 0
67 31 -96 0
111 96 60 0
-94 -79 97 0
-65 10 -90 0
-26 42 -30 0
-113 97 -8 0
47 94 55 0
95 97 -104 0
-81 4 -100 0
-36 3 104 0
-60 90 14 0
33 22 120 0
-74 -18 9 0
56 103 19 0
20 100 44 0
-89 17 -57 0
-44 -94 101 0
75 106 55 0
-38 14 -99 0
118 3 -76 0
-20 -58 -41 0
52 -18 -100 0
116 -87 -44 0
-85 82 51 0
64 -7 -89 0
47 -39 -86 0
86 109 10 0
6 83 -26 0
120 -56 36 0
25 -83 -110 0
1 -45 65 0
-81 -24 -65 0
3 19 -34 0
-29 25 -86 0
73 48 -90 0
-12 116 108 0
-116 76 5 0
5 77 47 0
110 111 -106 0
70 -61 -65 0
43 -94 -27 0
6 109 63 0
43 -116 78 0
89 -107 64 0
10 -86 103 0
60 -59 64 0
-3 -52 -49 0
84 -104 -44 0
-91 -64 -26 0
