p cnf 100 400
-10 74 -37 0
71 -26 59 0
-54 -90 -31 0
93 -65 -69 0
-35 -81 -65 0
-5 42 23 0
-41 -73 4 0
24 -32 4 0
-87 5 27 0
62 -42 -3 0
71 -36 76 0
7 -13 -26 0
24 -59 -8 0
-71 22 31 0
6 -20 -29 0
-3 80 7 0
91 -54 42 0
38 39 35 0
-40 -34 -89 0
58 67 73 0
-21 33 -98 0
-50 8 -95 0
28 82 92 0
-75 -67 -40 0
-57 -40 23 0
-100 5 70 0
-42 -17 -39 0
-52 -29 -98 0
75 76 -4 0
-34 67 49 0
58 -9 -46 0
67 -55 98 0
-8 -43 16 0
33 13 -98 0
81 -55 33 0
-24 -42 -85 0
82 -32 -35 0
84 -72 92 0
-29 -85 56 0
-100 5 7 0
-67 57 40 0
-25 -70 42 0
44 48 72 0
-30 27 79 0
-48 -29 -53 0
94 55 -63 0
61 82 58 0
-73 -14 -42 0
-60 89 23 0
-72 12 19 0
59 79 11 0
-71 42 56 0
4 -43 -58 0
54 40 -69 0
-61 30 -42 0
95 -47 -49 0
-29 30 -25 0
32 3 55 0
48 -10 71 0
-35 63 92 0
17 27 -37 0
45 -92 -57 0
-60 63 90 0
-16 -75 -2 0
-39 9 11 0
-33 2 64 0
-36 91 17 0
-23 70 -100 0
-81 36 -96 0
-66 23 92 0
-65 -19 76 0
36 41 17 0
76 77 8 0
49 -31 23 0
-16 76 21 0
-97 -70 24 0
57 42 83 0
30 -5 -55 0
-37 -50 47 0
-7 66 -1 0
21 34 63 0
-22 63 -88 0
6 90 9 0
-48 -87 -59 0
51 69 -98 0
8 -46 -56 0
29 -79 -57 0
13 -51 11 0
-10 83 44 0
52 -3 90 0
52 -84 -78 0
-37 75 -15 0
81 97 -99 0
-2 96 -59 0
-75 100 -93 0
-57 93 -45 0
-18 89 -40 0
48 95 -78 0
11 -22 -31 0
76 10 19 0
-69 -1 23 0
-51 -94 98 0
-51 63 -12 0
64 -62 3 0
-66 -27 -28 0
-93 -41 -68 0
58 36 7 0
-80 -46 69 0
-8 -63 29 0
85 -87 -55 0
-66 92 -74 0
-67 62 -25 0
-39 -65 -38 0
4 -60 85 0
-72 -24 -63 0
36 28 2 0
57 -86 38 0
-29 -88 27 0
53 -57 -15 0
48 -90 -84 0
-24 -62 69 0
83 -94 28 0
20 -89 7 0
75 -60 -2 0
-35 -74 -51 0
95 57 62 0
-87 -15 -46 0
1 -76 90 0
58 -47 88 0
-90 36 -72 0
15 -91 33 0
4 80 -33 0
59 -63 -13 0
31 83 -86 0
24 13 84 0
40 73 85 0
44 -2 -70 0
-30 29 -40 0
-94 63 -41 0
58 82 -87 0
-86 34 61 0
87 -85 -40 0
31 -45 15 0
77 80 -29 0
18 79 -94 0
13 80 95 0
-86 15 -13 0
85 -87 90 0
-97 -57 3 0
7 16 63 0
75 -51 -6 0
64 59 -100 0
95 -72 93 0
23 -21 7 0
79 91 -98 0
-53 89 -71 0
76 -92 -35 0
-93 -46 -74 0
-26 -67 37 0
-3 54 30 0
27 -66 -67 0
59 96 34 0
13 -22 12 0
-36 78 6 0
-52 57 89 0
-22 -11 16 0
-29 56 42 0
-37 -96 87 0
35 73 17 0
-2 -33 -70 0
-96 78 -89 0
-85 79 14 0
-34 -11 61 0
-54 -98 -85 0
73 1 -27 0
96 -32 -83 0
70 34 17 0
-19 -77 -72 0
-44 -16 73 0
14 -62 86 0
79 -25 -90 0
-52 24 35 0
68 76 -5 0
44 16 52 0
-92 -21 -16 0
-8 -31 -45 0
-86 51 81 0
-53 -99 6 0
75 46 24 0
40 -43 -33 0
36 14 29 0
2 -76 66 0
71 28 77 0
14 -25 90 0
-23 4 -41 0
91 68 4 0
-73 75 88 0
39 16 -48 0
73 28 -17 0
-67 -88 73 0
-5 75 -91 0
1 18 100 0
-33 -86 -35 0
47 15 70 0
76 40 -28 0
-31 -15 -13 0
-60 -3 -32 0
-49 -67 -41 0
-63 -26 1 0
-85 -60 53 0
91 9 -76 0
43 46 -28 0
12 31 -83 0
21 -90 -81 0
53 -82 -26 0
60 53 31 0
24 73 -8 0
58 67 -87 0
-24 -63 -82 0
-14 52 24 0
15 -77 -54 0
-15 -51 -75 0
-7 63 -75 0
-61 69 8 0
93 18 4 0
83 53 -79 0
-80 35 -51 0
-62 -73 -52 0
-31 -37 -69 0
18 -63 9 0
-43 -59 -42 0
-44 68 1 0
27 -13 57 0
-35 -53 47 0
47 -2 -55 0
-25 68 -100 0
39 27 -95 0
27 50 -100 0
1 -60 -70 0
78 40 45 0
1 53 83 0
28 -97 60 0
-13 -90 -2 0
-84 33 -30 0
-49 -93 14 0
41 -97 -21 0
12 84 -22 0
63 -56 -24 0
-30 50 -59 0
28 31 90 0
71 -26 18 0
28 82 -38 0
94 58 49 0
77 -9 -40 0
-80 30 -60 0
96 -87 -94 0
78 63 18 0
-96 45 47 0
7 42 90 0
1 -79 91 0
-95 -49 82 0
-64 25 -77 0
-57 44 -67 0
50 -62 68 0
-50 -36 -100 0
50 -49 -84 0
73 -85 40 0
-11 -40 -17 0
-41 -87 -76 0
74 -63 -69 0
-22 60 -18 0
84 -89 35 0
43 -95 -91 0
84 -1 -22 0
-85 43 -49 0
38 -60 -84 0
61 10 99 0
15 29 -2 0
-16 -40 65 0
-68 42 -19 0
31 13 -62 0
-97 -18 -34 0
9 -34 -89 0
-8 -34 -93 0
-65 -24 44 0
90 8 20 0
43 -79 54 0
-62 -2 34 0
-18 -93 47 0
79 59 -12 0
-26 42 53 0
-48 -24 38 0
-61 63 -54 0
-65 54 -69 0
35 -94 79 0
-61 -33 -10 0
4 -18 -11 0
-61 -38 95 0
22 49 -52 0
-87 36 83 0
74 -73 -82 0
-78 -49 -80 0
-70 28 -89 0
-74 -68 38 0
-17 -66 58 0
-5 97 -84 0
-95 26 44 0
-53 23 76 0
-88 -49 86 0
-39 1 -78 0
40 -77 44 0
96 -99 90 0
-13 16 -89 0
-96 100 69 0
-26 -82 -30 0
76 35 40 0
19 1 -5 0
-74 -93 18 0
32 46 -61 0
68 21 6 0
98 -77 94 0
37 -49 3 0
61 33 -75 0
72 -73 -14 0
37 -74 -23 0
-22 -59 32 0
-31 -60 -90 0
-78 -65 -9 0
-24 9 60 0
-58 10 -55 0
-51 -25 78 0
-56 -55 -68 0
-55 74 96 0
22 -39 -30 0
-55 -30 76 0
-13 1 -21 0
-43 40 67 0
98 -83 -11 0
-32 7 44 0
-27 71 -55 0
-49 95 -5 0
88 58 -80 0
-65 -22 -5 0
77 39 74 0
-15 -47 29 0
74 -54 -89 0
32 -73 41 0
6 62 55 0
72 -5 65 0
-22 -83 -90 0
6 -74 -18 0
2 16 17 0
61 -97 -28 0
15 -34 39 0
-7 -24 -37 0
93 -78 -34 0
74 -68 -15 0
-58 -32 28 0
-31 79 -1 0
-70 29 -79 0
-21 -35 78 0
-61 72 -93 0
-3 18 50 0
87 55 -88 0
-13 60 43 0
36 -96 38 0
64 52 33 0
86 20 2 0
-19 -54 37 0
87 -82 -64 0
39 34 -29 0
-32 68 62 0
-90 -42 100 0
-97 36 -10 0
50 -39 -98 0
-77 41 74 0
29 24 -62 0
-3 -62 5 0
-41 -97 31 0
-81 -82 77 0
-98 59 6 0
20 39 22 0
87 41 62 0
12 14 -8 0
20 -49 -85 0
54 4 -33 0
79 4 72 0
-79 19 90 0
-73 -40 -93 0
-93 53 77 0
-25 68 -34 0
81 -86 25 0
54 4 26 0
58 -68 -43 0
30 76 85 0
-52 -1 94 0
-77 17 -63 0
-37 87 85 0
-20 39 100 0
-26 49 41 0
