p cnf 100 400
-37 36 80 0
-57 -61 34 0
53 70 24 0
-40 -61 -47 0
72 22 98 0
-94 -86 -75 0
82 -79 -22 0
53 -92 66 0
60 41 -57 0
31 12 -35 0
-62 -52 32 0
-95 98 59 0
-35 15 23 0
45 -7 -9 0
92 28 -68 0
74 -23 21 0
51 -46 -48 0
-82 -27 1 0
-85 55 -44 0
-38 89 76 0
-92 -60 -18 0
-9 -95 -16 0
-14 26 5 0
22 66 -20 0
80 -49 71 0
99 68 -43 0
100 71 -69 0
-76 -86 14 0
86 -77 17 0
-39 87 73 0
-63 -73 -15 0
3 96 36 0
91 -78 19 0
-24 -18 -3 0
-85 -34 -80 0
-86 -85 19 0
21 15 -45 0
69 42 23 0
44 38 -5 0
-79 -7 13 0
-85 86 97 0
66 -21 -9 0
4 11 57 0
6 -87 37 0
-86 55 50 0
90 -53 36 0
-54 -1 -88 0
-4 -60 13 0
56 -99 -85 0
-30 -80 47 0
16 81 22 0
34 -6 5 0
-13 9 -3 0
-32 -4 -48 0
-84 93 -71 0
-59 62 10 0
-47 8 42 0
-85 32 31 0
-80 95 -97 0
-20 27 -65 0
-87 -45 -79 0
58 12 60 0
-12 -77 33 0
-71 -28 30 0
38 41 -23 0
19 5 15 0
27 -14 -93 0
39 72 -51 0
-64 12 51 0
-19 -100 -32 0
-45 86 -53 0
61 -74 -53 0
-75 -91 -17 0
99 86 -89 0
-59 82 4 0
-11 37 93 0
49 57 -89 0
-9 -28 -42 0
-80 -42 -98 0
-9 1 3 0
-18 -2 -79 0
-32 -76 -20 0
70 -3 29 0
-15 26 66 0
68 71 92 0
51 -65 4 0
-65 47 88 0
84 18 97 0
-20 -97 80 0
21 68 29 0
34 -36 57 0
-47 80 -64 0
100 68 80 0
-30 -50 -91 0
-31 24 98 0
-88 -4 89 0
5 64 -33 0
-95 12 26 0
43 94 100 0
-32 92 -88 0
17 54 7 0
-56 2 -34 0
35 -61 -70 0
41 9 -88 0
26 67 39 0
-47 -95 17 0
18 -20 23 0
28 33 -51 0
-67 51 -15 0
-11 -77 -5 0
-45 -8 -84 0
-83 -54 49 0
-33 -37 21 0
-51 57 88 0
-66 -52 31 0
-96 -41 29 0
-2 74 12 0
20 28 96 0
11 72 76 0
41 -68 72 0
94 -52 -8 0
37 99 36 0
-69 31 60 0
92 -58 79 0
-28 95 -12 0
-51 -10 -87 0
-81 15 92 0
58 3 70 0
8 -20 61 0
65 41 -83 0
-73 -26 69 0
55 33 -27 0
-92 25 -22 0
-21 96 -53 0
8 -25 -14 0
-1 62 -35 0
9 -34 11 0
19 49 68 0
10 49 43 0
-62 -97 -76 0
-21 -12 72 0
13 -48 -5 0
64 82 81 0
-91 16 14 0
-27 -97 33 0
-35 30 59 0
25 92 -84 0
-62 83 -47 0
-72 -88 -95 0
17 -83 80 0
98 28 80 0
-41 -93 -9 0
-44 96 -40 0
-4 40 5 0
66 -38 -13 0
18 37 -61 0
95 68 73 0
39 -83 78 0
61 44 -34 0
40 78 -91 0
99 -24 9 0
-72 -3 95 0
-95 99 -23 0
40 41 -99 0
34 -74 -1 0
2 95 52 0
-80 83 -9 0
89 -2 -14 0
-47 -66 -21 0
82 2 10 0
-23 -14 -32 0
-25 100 -74 0
-81 -41 -71 0
12 -49 14 0
-76 70 55 0
64 8 68 0
-27 39 -91 0
64 33 -47 0
-29 -41 20 0
7 -99 -4 0
54 -64 2 0
-49 47 -78 0
-34 -16 83 0
-80 94 -91 0
-70 -79 -71 0
-69 94 -36 0
-35 -7 27 0
51 -44 100 0
-48 -46 -22 0
68 40 52 0
-55 85 -2 0
-73 -71 -84 0
94 -62 -83 0
-46 87 -91 0
34 -14 -11 0
32 91 -55 0
73 94 -87 0
96 -53 95 0
77 -9 65 0
55 -20 39 0
47 -55 -53 0
35 24 -8 0
86 -60 39 0
-83 -75 -97 0
-42 29 64 0
-25 -81 -42 0
-92 -33 -54 0
89 46 -17 0
61 -42 -79 0
59 92 98 0
-50 -24 77 0
10 100 68 0
29 -71 74 0
-33 66 -55 0
-64 -86 94 0
5 -11 39 0
-44 74 -12 0
45 80 84 0
-4 -52 2 0
37 -7 60 0
9 78 50 0
-95 18 -29 0
-14 83 -61 0
4 90 -41 0
-13 -45 1 0
31 -38 26 0
-30 -68 -50 0
72 86 -10 0
71 21 -70 0
-65 -41 40 0
-82 35 -63 0
44 31 -16 0
-26 100 -19 0
93 -36 -51 0
-34 -1 89 0
-6 14 -34 0
-49 21 -83 0
48 -77 -16 0
-77 -69 19 0
22 59 -84 0
92 -47 -25 0
-75 -54 -28 0
28 -36 27 0
28 75 -48 0
38 4 84 0
-54 -79 41 0
34 64 -26 0
-74 -73 -99 0
-87 -15 16 0
-98 66 -87 0
-69 -77 26 0
31 -67 -96 0
47 100 75 0
54 80 15 0
-75 -37 79 0
-72 -71 81 0
-3 -79 -33 0
27 9 -4 0
3 -91 -2 0
-72 50 29 0
9 63 18 0
69 97 -77 0
4 -67 -42 0
-70 76 -37 0
6 -74 41 0
-97 -79 8 0
50 37 -96 0
-4 43 99 0
-18 48 87 0
48 60 -6 0
-26 81 82 0
-29 -94 72 0
-21 39 18 0
-31 -59 -4 0
-40 71 42 0
-53 -47 -77 0
10 -76 -47 0
86 25 -88 0
-33 53 -12 0
29 -30 -13 0
5 95 62 0
78 98 4 0
-63 -17 38 0
-24 45 -14 0
-6 -42 69 0
-37 -31 -87 0
41 -89 -59 0
-98 -99 -22 0
-78 -41 25 0
87 34 2 0
-4 87 -50 0
29 -98 73 0
-96 -16 -31 0
28 75 45 0
-69 -64 -18 0
55 63 60 0
68 -61 24 0
-56 84 52 0
14 -37 46 0
-72 -77 -45 0
52 -21 -36 0
77 -60 -32 0
-44 -8 46 0
54 90 -83 0
43 18 76 0
-63 -49 44 0
67 -15 -70 0
-81 58 -100 0
87 -30 8 0
29 43 63 0
7 90 59 0
78 23 77 0
-47 82 94 0
6 -98 -58 0
91 82 14 0
-49 30 -40 0
-56 36 62 0
-42 55 29 0
45 79 -2 0
-49 86 -13 0
-11 10 -63 0
60 -51 54 0
19 76 23 0
-98 42 95 0
-65 2 42 0
-33 4 -99 0
-70 -15 29 0
-94 8 -97 0
-82 73 31 0
65 -8 95 0
58 -39 -86 0
97 86 -37 0
5 -62 -68 0
-48 72 79 0
7 -85 95 0
3 -35 -54 0
-42 67 -89 0
-51 100 66 0
-57 82 43 0
-70 -3 -36 0
16 19 5 0
82 19 -85 0
-5 45 96 0
-26 52 -53 0
10 -23 59 0
1 32 63 0
-14 99 76 0
-29 2 6 0
-71 43 29 0
4 -67 71 0
13 -9 -66 0
-45 50 -23 0
-17 -69 34 0
-63 16 -62 0
23 -76 29 0
-100 -99 -75 0
-82 24 32 0
24 -99 -41 0
80 -86 -78 0
74 18 50 0
1 -72 -100 0
-20 10 79 0
30 73 2 0
-7 75 92 0
36 -76 -65 0
-15 71 66 0
-82 70 -23 0
-1 6 49 0
10 69 -75 0
26 -28 -3 0
92 74 -13 0
47 -42 -79 0
39 41 -59 0
-6 -40 -37 0
-59 -31 -73 0
-28 25 -90 0
-22 -83 -65 0
-88 -2 16 0
-31 -53 -30 0
-21 -56 -50 0
90 17 64 0
52 -88 -17 0
-78 59 9 0
-49 60 -81 0
57 -78 -77 0
-58 8 32 0
-57 77 78 0
-81 38 47 0
-11 64 -40 0
34 5 -43 0
-59 32 -13 0
-41 99 -30 0
69 -37 5 0
34 39 -1 0
31 -10 -39 0
-87 21 -64 0
-81 51 -48 0
65 23 -13 0
-32 5 -93 0
-16 6 91 0
