p cnf 100 400
28 89 -85 0
-54 29 -49 0
-88 -48 -2 0
-7 87 71 0
-5 -46 41 0
11 -71 -43 0
51 -83 -49 0
23 7 -58 0
-60 -29 -53 0
50 38 100 0
-27 -49 13 0
55 -87 47 0
20 23 -42 0
37 100 51 0
-68 -61 46 0
-35 -73 20 0
-74 -5 -62 0
46 23 10 0
-5 69 -15 0
8 -70 -39 0
83 90 7 0
44 -86 -91 0
50 32 -9 0
88 91 -68 0
-26 39 98 0
13 -53 -87 0
-14 -91 78 0
-45 74 -51 0
-21 -98 97 0
68 -96 72 0
87 -73 -89 0
3 -40 100 0
30 -48 24 0
-88 -91 6 0
54 -12 84 0
93 -18 13 0
-75 7 12 0
-35 53 -96 0
-83 71 20 0
11 2 -73 0
56 58 82 0
30 -41 -74 0
-45 97 -42 0
-77 78 -97 0
76 -21 81 0
65 10 -61 0
48 50 30 0
-92 84 -76 0
31 -1 51 0
-57 -78 -89 0
-70 35 -86 0
91 -79 9 0
-23 37 -10 0
41 -66 64 0
5 -23 -95 0
8 36 -60 0
71 -52 33 0
-54 47 -16 0
-54 -73 56 0
85 78 46 0
-18 40 99 0
29 53 -21 0
43 -41 58 0
20 -73 21 0
75 90 -31 0
-3 53 37 0
-39 8 -29 0
-64 -86 68 0
57 -8 30 0
94 -65 89 0
96 34 49 0
-4 79 8 0
6 -61 80 0
-85 -67 68 0
-77 4 44 0
-88 35 91 0
42 -22 -56 0
27 52 3 0
66 -18 84 0
-32 -50 100 0
79 36 59 0
-47 72 -20 0
1 -40 -36 0
-87 -29 -38 0
-93 23 8 0
87 -61 -50 0
-48 -72 68 0
97 -93 -71 0
-78 29 -13 0
-22 39 -99 0
-18 -83 59 0
-2 -31 28 0
-67 65 12 0
-39 44 99 0
-37 -13 63 0
72 100 -11 0
89 -68 88 0
-17 -72 65 0
68 76 -73 0
-19 93 35 0
46 -39 63 0
7 64 70 0
22 -57 70 0
31 -27 -53 0
79 60 6 0
-30 52 -99 0
-73 -65 -32 0
-39 75 1 0
-19 37 41 0
15 -54 -21 0
-19 51 -73 0
-62 -80 -9 0
88 91 -65 0
4 -23 -32 0
-46 -79 -87 0
51 73 47 0
16 -75 -9 0
12 -100 33 0
-41 -11 39 0
-30 92 -88 0
-10 -87 -42 0
79 44 56 0
39 -52 -74 0
54 -76 -80 0
58 -51 21 0
-30 79 -64 0
-52 -28 -98 0
-100 55 26 0
-91 93 43 0
-81 -85 100 0
-20 36 -97 0
21 -93 -95 0
-83 -78 1 0
-16 34 -57 0
-84 27 -71 0
-25 -59 -91 0
63 6 11 0
48 98 -34 0
-81 89 -61 0
42 -86 -15 0
-50 -98 -3 0
-18 51 23 0
75 57 100 0
-22 -43 -97 0
59 -50 -62 0
-51 55 -22 0
-40 26 -13 0
2 -23 -12 0
-52 5 -47 0
48 43 100 0
-12 -18 50 0
76 29 30 0
53 80 92 0
100 28 -40 0
-9 30 87 0
58 78 17 0
65 -67 96 0
-37 30 27 0
-11 68 -82 0
-15 -46 -44 0
24 83 -75 0
84 46 35 0
98 -93 -40 0
-53 -98 -44 0
27 -21 6 0
-57 17 34 0
93 -34 -20 0
-30 39 48 0
-94 -32 20 0
21 -84 22 0
9 -70 72 0
67 -24 -53 0
20 64 -57 0
40 -15 44 0
-49 -83 -61 0
25 86 -45 0
-100 73 -15 0
-18 -8 95 0
-96 -69 -8 0
-95 -79 44 0
33 -59 13 0
28 -18 -39 0
-25 17 -41 0
51 -97 56 0
-43 -61 -7 0
56 -58 -90 0
-5 81 92 0
-33 -32 40 0
19 -91 -24 0
-19 61 90 0
30 44 71 0
2 86 83 0
98 -28 -84 0
24 -94 -91 0
-59 -88 -40 0
38 21 -59 0
66 70 47 0
-31 -71 -25 0
-77 -8 -61 0
-43 -11 -91 0
6 -23 13 0
-21 46 -81 0
-98 -87 -21 0
-74 59 71 0
-82 91 95 0
95 -12 78 0
50 55 44 0
38 50 9 0
36 -71 -66 0
13 58 43 0
-87 51 6 0
27 83 2 0
-19 67 63 0
91 -12 44 0
6 -27 63 0
-14 6 -51 0
48 18 -57 0
8 -9 -96 0
-4 -73 50 0
-43 76 69 0
-90 -38 -50 0
10 17 79 0
-97 -1 -63 0
-81 -37 80 0
-73 -93 -42 0
85 -95 -31 0
-14 -92 19 0
-56 59 -24 0
55 -86 61 0
28 90 -80 0
-85 -15 41 0
26 36 37 0
-91 -21 99 0
-70 52 47 0
-24 -48 46 0
96 -94 -60 0
-58 40 -53 0
-47 67 44 0
63 21 -71 0
29 -93 -7 0
-54 -71 16 0
-84 66 -70 0
-51 17 -87 0
-38 76 66 0
-29 -40 21 0
-62 -3 -24 0
-13 -95 -35 0
-52 32 -6 0
79 -19 -6 0
99 -30 -7 0
39 -28 -4 0
-63 -11 50 0
73 81 -20 0
74 -34 3 0
81 24 -95 0
-12 54 -26 0
43 76 97 0
49 29 77 0
-19 -97 -46 0
42 -4 -36 0
-99 82 -42 0
-60 -48 -40 0
-12 -17 21 0
40 46 95 0
-39 -17 -5 0
-91 -55 7 0
-84 32 6 0
78 11 -9 0
90 25 -89 0
79 59 73 0
51 70 39 0
52 -47 4 0
-6 -20 -79 0
50 81 -60 0
45 -99 84 0
17 -86 90 0
-15 -98 76 0
64 34 100 0
63 37 75 0
-15 33 -25 0
-36 54 31 0
49 88 -9 0
-98 -48 -59 0
-48 84 -74 0
82 -15 72 0
-35 87 47 0
-7 -21 -56 0
-50 -88 90 0
80 -86 29 0
-45 7 9 0
92 47 2 0
12 -92 -48 0
-13 63 20 0
76 34 -58 0
38 -4 -80 0
-39 32 76 0
-32 20 -98 0
91 -49 6 0
-53 48 -74 0
35 76 -58 0
-75 82 -17 0
37 43 -68 0
74 -2 -62 0
-41 -40 3 0
-97 76 30 0
-32 -34 65 0
-21 -50 57 0
55 78 56 0
16 56 89 0
72 51 -9 0
85 -36 -4 0
71 -2 39 0
-41 92 53 0
-9 -100 79 0
-27 -24 1 0
57 76 58 0
-97 55 -53 0
59 42 63 0
-2 -66 40 0
-40 -45 94 0
-99 86 47 0
-6 72 -92 0
-57 -20 -4 0
43 58 -9 0
55 -14 -15 0
49 9 -91 0
77 -49 -60 0
-27 -94 17 0
81 54 -71 0
-86 62 76 0
-57 -92 -10 0
24 -82 38 0
64 -60 62 0
-6 -87 31 0
72 -33 18 0
64 84 -92 0
42 31 39 0
-16 35 63 0
3 -90 78 0
97 -40 38 0
-89 -84 9 0
65 -41 76 0
-18 86 70 0
-1 -20 -64 0
62 -50 -92 0
-11 41 -53 0
20 2 -68 0
43 72 -37 0
80 64 79 0
47 -38 45 0
88 61 -48 0
80 86 31 0
61 37 -57 0
-72 -14 86 0
-65 -36 -32 0
-35 95 -34 0
-77 97 35 0
70 37 67 0
-25 -28 91 0
28 54 58 0
-15 20 -78 0
73 9 15 0
69 -6 89 0
-71 26 -75 0
-68 -94 -83 0
-59 84 -10 0
34 -67 2 0
-89 -69 -79 0
66 21 98 0
-62 1 -38 0
59 -84 -77 0
54 27 57 0
-6 50 -39 0
-35 -28 50 0
54 41 66 0
89 -78 -69 0
17 21 47 0
22 -73 29 0
50 70 19 0
23 -94 99 0
-18 53 95 0
57 79 67 0
73 -80 99 0
-45 64 82 0
-74 15 85 0
-42 -40 -43 0
-5 55 2 0
42 -43 68 0
66 -5 85 0
15 -47 80 0
46 33 66 0
71 -77 57 0
-49 -3 22 0
83 86 -20 0
-30 -83 -66 0
-6 -34 -48 0
-16 -73 98 0
22 78 89 0
99 -38 -15 0
10 -94 -19 0
