p cnf 120 480
87 -41 69 0
-49 86 23 0
114 50 -13 0
-105 -107 63 0
-95 25 84 0
50 120 -82 0
48 19 -92 0
-3 -79 -9 0
17 -85 5 0
14 -43 -52 0
-95 -93 -92 0
-55 -8 3 0
-69 47 115 0
-79 44 57 0
-95 -46 -43 0
-2 -103 89 0
5 -92 1 0
96 18 49 0
100 36 -93 0
-7 26 -1 0
19 -1 -7 0
-33 -8 -71 0
66 -46 56 0
70 -10 40 0
-63 20 69 0
119 87 7 0
-85 10 78 0
-60 114 32 0
42 -35 -70 0
35 105 2 0
-98 -24 -7 0
-120 -36 -106 0
56 85 -52 0
101 2 36 0
33 -60 88 0
34 -101 92 0
7 -78 63 0
51 108 61 0
-83 -100 78 0
16 -115 -90 0
55 52 102 0
111 -1 21 0
98 -44 117 0
-60 82 31 0
114 46 -35 0
-94 60 -22 0
-80 -50 -94 0
-32 103 -73 0
94 -25 -19 0
-99 56 -64 0
109 -98 36 0
-25 19 5 0
-68 -20 -109 0
106 28 -91 0
-72 -76 -45 0
97 -81 55 0
-84 -6 4 0
-47 99 -72 0
42 -89 15 0
-49 -80 -107 0
-111 109 -6 0
117 -95 46 0
-77 -27 -67 0
-30 7 -67 0
-117 113 64 0
-22 26 -21 0
92 62 -103 0
-111 -104 58 0
1 -64 82 0
-95 68 109 0
74 -28 50 0
-28 119 -15 0
-107 -74 -5 0
-90 -104 1 0
-77 -108 -84 0
40 53 -30 0
-3 -11 118 0
9 85 -107 0
37 -8 85 0
80 1 50 0
33 -7 -4 0
31 -24 -23 0
38 69 112 0
62 -60 -30 0
-81 -91 -64 0
-10 -28 26 0
85 -73 -117 0
88 96 20 0
-29 -92 -77 0
88 68 -64 0
70 66 -37 0
71 62 -38 0
-3 -101 -54 0
-38 -19 58 0
68 2 93 0
71 -104 82 0
32 88 -39 0
-76 32 2 0
-100 -10 16 0
112 -52 42 0
48 12 -65 0
49 113 6 0
113 12 67 0
84 53 47 0
-7 53 9 0
-111 -116 -74 0
-79 -117 15 0
4 18 101 0
-109 -72 -104 0
-118 -111 -103 0
30 -1 32 0
-39 -38 50 0
-103 90 4 0
-51 29 43 0
-112 4 -118 0
-110 -109 -67 0
117 -102 -51 0
53 59 -63 0
105 -25 100 0
-38 27 91 0
-116 109 91 0
-113 24 -59 0
-24 -19 -6 0
-44 71 15 0
-115 -120 -43 0
-27 109 57 0
5 55 -105 0
120 -76 -87 0
-69 29 -36 0
89 14 94 0
25 -109 33 0
-28 -101 -68 0
58 -31 63 0
60 86 -116 0
-7 -39 -102 0
-49 26 -38 0
71 -98 -110 0
-57 -33 -90 0
114 -103 -88 0
40 50 27 0
-35 -62 -57 0
-15 37 -56 0
79 -98 -100 0
15 36 98 0
-115 59 13 0
7 17 118 0
-30 42 1 0
-44 -98 -24 0
33 -35 -32 0
60 -102 55 0
-34 119 -118 0
78 4 38 0
65 -23 -31 0
-48 80 -6 0
51 -92 93 0
-5 41 64 0
5 98 -105 0
-17 53 -101 0
42 75 111 0
29 -20 -91 0
103 101 -17 0
83 43 -30 0
-7 37 -33 0
103 -110 106 0
-68 -64 -92 0
111 -36 22 0
-107 55 102 0
-24 -97 -50 0
-93 39 -69 0
-3 114 10 0
-62 59 -66 0
-43 -109 -90 0
-70 81 -2 0
81 68 57 0
-70 3 -9 0
-80 41 -3 0
-38 67 -120 0
106 -37 -4 0
79 -113 -49 0
28 114 41 0
-56 -31 -17 0
-108 -70 -118 0
119 -99 -39 0
48 101 89 0
-66 -92 100 0
-2 -40 94 0
85 -32 49 0
1 -45 13 0
-37 9 -110 0
36 -95 -68 0
69 -5 -60 0
112 48 -73 0
26 109 -46 0
104 11 91 0
104 7 -103 0
-85 57 9 0
-72 -68 26 0
-104 -29 56 0
-20 -100 10 0
3 116 93 0
106 -61 29 0
2 -111 -83 0
-74 87 -119 0
65 44 88 0
-112 85 -28 0
84 -109 -100 0
27 -63 118 0
-65 -97 -100 0
-69 120 106 0
-36 -43 46 0
31 99 -80 0
18 76 -59 0
44 11 -79 0
-78 117 -88 0
6 89 51 0
-19 97 -46 0
-54 -115 -13 0
92 -18 64 0
20 -21 -59 0
-80 -109 -42 0
45 92 18 0
69 -76 -65 0
98 78 61 0
19 -51 -118 0
1 65 -87 0
111 -15 -106 0
-39 12 -89 0
-90 -6 -103 0
-90 -52 45 0
15 -9 86 0
-54 -1 120 0
60 90 11 0
-47 -58 17 0
53 -97 -85 0
87 99 -66 0
-37 -12 -81 0
92 54 -114 0
63 77 -109 0
13 -45 -43 0
44 -37 -11 0
-92 27 -34 0
-103 -38 -46 0
86 52 -27 0
73 14 107 0
-12 87 -54 0
-12 11 -52 0
97 111 -59 0
8 13 -100 0
93 63 109 0
120 -57 86 0
112 54 62 0
112 15 -88 0
-17 -58 -2 0
22 73 115 0
104 42 49 0
-94 19 69 0
4 38 115 0
-23 52 -109 0
83 -51 -24 0
-106 109 41 0
-110 50 89 0
-16 61 71 0
113 62 16 0
-87 68 47 0
-74 -64 -29 0
-94 -56 -108 0
3 -118 18 0
33 119 -37 0
30 -85 -101 0
-3 96 -13 0
28 40 87 0
-105 66 -107 0
-65 78 -68 0
-1 109 93 0
-83 102 -82 0
-43 44 -90 0
-21 -27 117 0
-30 89 -66 0
65 -59 -80 0
-24 29 64 0
40 -14 -65 0
11 -30 -112 0
-36 -67 -101 0
-6 -14 77 0
103 -14 28 0
-52 23 -39 0
-20 -119 62 0
72 -31 -26 0
62 -67 -45 0
-105 38 -114 0
-53 67 76 0
-109 -16 44 0
30 60 -41 0
76 50 -78 0
-59 -37 88 0
-62 29 -115 0
-93 -17 -18 0
26 110 1 0
-101 -92 -19 0
-43 -120 -76 0
-15 24 87 0
-85 14 -69 0
41 -60 -59 0
-115 95 21 0
-34 80 54 0
70 59 102 0
39 -114 99 0
18 101 -5 0
-76 57 117 0
79 -47 -5 0
-31 93 -80 0
71 -2 92 0
18 -24 10 0
29 82 65 0
-119 -115 -97 0
23 -60 55 0
14 66 77 0
-68 116 -49 0
43 30 104 0
-27 9 79 0
-63 44 -69 0
92 -111 -120 0
-114 80 40 0
66 -116 2 0
-86 -96 -60 0
-105 71 48 0
110 -70 -75 0
80 63 -23 0
25 13 114 0
-30 -31 -67 0
51 -117 60 0
-102 20 -39 0
-19 50 -54 0
-68 -40 103 0
101 9 -35 0
-83 117 -114 0
-80 -21 -29 0
53 -33 -93 0
2 -69 -87 0
10 84 21 0
62 -20 56 0
-18 -86 -64 0
-40 101 -113 0
-105 79 -20 0
84 -15 2 0
-54 105 50 0
61 -110 -57 0
-10 -79 -31 0
-64 40 -2 0
11 -2 42 0
-17 105 -13 0
21 112 -72 0
48 -68 87 0
-2 -106 -111 0
36 -54 50 0
-14 -94 16 0
98 -54 -83 0
-114 14 28 0
-100 -82 34 0
54 -89 66 0
81 110 -41 0
-115 98 94 0
-68 7 -25 0
26 85 58 0
-16 -18 55 0
-91 -52 29 0
-14 34 -103 0
-66 -18 55 0
20 -47 -88 0
73 14 -4 0
63 7 -102 0
-53 -90 -3 0
-104 -19 14 0
29 107 115 0
-102 -101 -42 0
-9 14 57 0
24 87 109 0
68 74 -21 0
-36 20 -74 0
43 -91 14 0
-13 -118 -74 0
3 -5 -81 0
-88 72 -107 0
97 30 -80 0
-2 -72 23 0
65 3 -29 0
-25 53 88 0
56 -74 23 0
25 22 111 0
-98 26 -27 0
107 28 21 0
46 73 74 0
106 -70 -37 0
-95 -16 1 0
83 -46 109 0
109 -81 -33 0
-25 19 -104 0
-43 -52 101 0
32 37 -90 0
-29 -89 -119 0
69 17 -29 0
-25 81 71 0
-27 13 -118 0
104 -96 -24 0
-56 -71 31 0
4 19 97 0
42 -25 113 0
91 31 87 0
-9 -88 114 0
-44 70 -73 0
28 -21 -72 0
86 74 -42 0
-65 77 -99 0
56 -72 34 0
-86 8 36 0
-46 5 -62 0
20 -39 63 0
-2 18 84 0
-68 62 -5 0
-37 -113 102 0
-119 95 -40 0
47 -89 -58 0
-34 70 -46 0
50 30 99 0
-59 15 44 0
78 111 -113 0
68 108 52 0
23 -28 65 0
-8 20 -84 0
50 -47 30 0
50 64 -42 0
119 3 -87 0
48 -8 73 0
15 -66 -48 0
22 49 115 0
26 104 -86 0
13 41 32 0
62 39 -67 0
79 -72 -60 0
-2 80 25 0
-56 47 -89 0
45 51 -79 0
-34 -89 -22 0
-110 -68 -59 0
-97 -73 93 0
66 110 5 0
-75 104 95 0
32 12 5 0
-92 74 103 0
-9 -45 -2 0
18 92 59 0
41 31 26 0
68 -108 -45 0
-110 15 70 0
-107 5 -74 0
95 27 98 0
-45 -99 95 0
30 -84 -25 0
-9 -10 -67 0
-116 87 -46 0
105 -76 110 0
80 69 22 0
107 -15 -109 0
60 -21 41 0
120 40 100 0
34 -36 -21 0
84 70 -96 0
30 39 -96 0
-78 -45 62 0
98 6 26 0
-49 -41 -57 0
-92 50 -47 0
3 -74 -114 0
-113 97 52 0
-45 -98 -39 0
108 44 69 0
113 2 -99 0
106 99 8 0
67 -16 -10 0
-60 -13 40 0
