p cnf 110 440
76 -55 105 0
74 -33 -103 0
-21 66 97 0
18 56 58 0
65 88 -74 0
-2 -77 18 0
-53 99 80 0
82 -91 106 0
-48 102 21 0
9 -24 -63 0
38 -110 -94 0
7 -81 95 0
-86 -81 -35 0
7 -105 48 0
-89 -7 -84 0
73 106 -56 0
-63 99 83 0
6 27 -47 0
94 -72 -107 0
3 -25 -67 0
8 62 -65 0
6 4 -89 0
-94 98 72 0
-87 93 -79 0
108 73 -58 0
20 -38 -51 0
-28 -24 25 0
-91 70 -61 0
86 60 -59 0
-21 -82 94 0
53 110 -58 0
-97 -37 -48 0
-96 -44 80 0
-60 4 54 0
-78 -92 98 0
51 9 104 0
32 84 74 0
104 91 46 0
-4 49 99 0
54 66 -92 0
-84 -12 -100 0
-98 -51 -85 0
-23 -94 11 0
78 88 -91 0
-100 -70 109 0
-100 -47 -38 0
-79 89 -54 0
-107 -29 -40 0
64 17 39 0
-96 -92 -2 0
72 53 52 0
83 -67 -61 0
-72 -90 107 0
-46 8 -67 0
-40 -91 65 0
-27 -107 72 0
-99 98 -52 0
-49 -6 38 0
-62 -47 -75 0
47 -96 -108 0
-51 -8 35 0
69 55 -10 0
103 94 -61 0
84 -78 -81 0
64 -20 87 0
-30 15 48 0
48 -4 -61 0
72 3 67 0
50 -75 101 0
33 -36 34 0
-44 81 -32 0
-107 23 -2 0
54 -41 102 0
93 10 100 0
-76 -95 6 0
-55 25 86 0
-77 -106 -29 0
-61 -24 68 0
74 -72 -71 0
-27 98 -72 0
-14 34 -91 0
11 78 -64 0
-31 -4 -37 0
6 -42 -103 0
13 -27 -21 0
-21 -40 -3 0
-36 50 34 0
83 -101 -7 0
88 110 106 0
-63 -53 49 0
9 -38 -97 0
-42 26 109 0
26 54 -56 0
58 47 26 0
-22 -49 109 0
79 72 96 0
20 55 -50 0
78 66 -64 0
14 60 -41 0
33 -62 68 0
-83 108 17 0
-35 -52 55 0
5 39 -86 0
-97 86 -90 0
-20 -52 24 0
5 -87 -82 0
27 -3 68 0
43 53 -48 0
-5 -16 11 0
12 -48 85 0
72 109 -22 0
-57 18 101 0
89 21 -46 0
59 76 5 0
43 -48 11 0
-93 -84 103 0
-103 86 -81 0
-68 -40 91 0
-21 68 -19 0
-4 -61 -16 0
47 -16 63 0
58 31 38 0
-40 61 57 0
54 95 105 0
-56 -107 23 0
-9 -93 22 0
75 73 43 0
-38 -79 -92 0
2 -34 20 0
-32 -109 -14 0
-55 -65 20 0
-56 -96 -63 0
-34 -83 -20 0
-68 31 91 0
60 -58 55 0
54 108 -78 0
-67 85 -14 0
53 69 90 0
-20 -82 80 0
33 -48 -62 0
66 33 96 0
-54 -106 77 0
-107 30 85 0
-16 -99 -86 0
-92 -29 71 0
-63 -68 -95 0
6 -23 -86 0
-47 -103 52 0
-59 -32 -63 0
-69 18 73 0
-50 39 25 0
-61 -75 80 0
88 -18 58 0
-56 -47 -93 0
77 43 -80 0
-107 78 -27 0
-75 63 34 0
-21 89 23 0
82 84 -98 0
100 -91 21 0
-80 -52 69 0
-80 97 -3 0
-38 -72 -36 0
94 37 -108 0
-108 19 -61 0
80 -30 8 0
-31 20 25 0
10 -20 9 0
81 103 102 0
-72 18 -8 0
61 40 -82 0
-10 -40 60 0
-93 99 -13 0
-98 -32 -65 0
104 45 102 0
7 94 24 0
80 87 -16 0
-23 -71 -70 0
-96 73 17 0
34 -53 -66 0
-22 28 75 0
94 -75 -83 0
-41 37 103 0
42 -91 -110 0
4 48 -84 0
-74 50 84 0
-42 99 -68 0
70 -108 -41 0
-76 -51 60 0
-95 57 93 0
-10 -67 46 0
-46 38 -67 0
104 -34 37 0
-22 20 -33 0
96 47 -23 0
71 -84 64 0
-108 80 32 0
-71 -35 58 0
-42 -6 15 0
-3 -28 -83 0
78 -14 -2 0
-3 -76 -40 0
-79 16 96 0
46 66 54 0
41 63 -110 0
100 16 86 0
17 101 -93 0
-11 26 65 0
45 -50 38 0
35 61 100 0
-31 34 35 0
-71 26 13 0
-22 110 91 0
-32 -64 68 0
47 -1 63 0
31 53 -71 0
-47 -28 66 0
-12 -105 -108 0
7 42 -41 0
103 75 58 0
25 -51 -83 0
-97 -59 -24 0
-28 75 -88 0
38 33 -96 0
-52 -24 -13 0
84 58 88 0
52 -92 -62 0
97 13 -84 0
108 17 -22 0
-77 -64 21 0
-71 86 103 0
-23 -1 -17 0
-92 14 -106 0
68 40 -65 0
60 108 63 0
62 -97 16 0
74 -38 15 0
-42 -98 -73 0
-16 60 46 0
-22 87 49 0
11 -104 51 0
84 -28 -34 0
106 1 76 0
-40 -17 41 0
48 -49 -58 0
9 -55 110 0
38 15 79 0
-78 -93 -98 0
-35 95 53 0
55 -76 30 0
-96 -55 -58 0
-76 110 -92 0
-2 41 -110 0
-15 -97 58 0
39 45 79 0
-70 -85 -35 0
-109 59 -64 0
-8 4 -22 0
50 -10 -67 0
-21 24 12 0
26 3 42 0
11 -67 -37 0
-57 -83 97 0
86 94 88 0
-74 -25 -64 0
-58 42 33 0
69 30 25 0
36 32 -49 0
-24 -98 50 0
-30 -73 -43 0
21 -89 24 0
-9 -28 90 0
-79 65 -22 0
101 69 25 0
-54 105 -40 0
58 1 97 0
-90 48 7 0
101 42 16 0
99 82 27 0
-39 -92 1 0
-2 14 -27 0
-67 -78 -96 0
31 -59 -72 0
108 13 49 0
7 92 -52 0
-51 40 -28 0
-37 -45 98 0
21 -6 10 0
60 -71 50 0
77 64 -10 0
-89 -59 -21 0
95 -101 33 0
93 -69 2 0
-52 -79 -22 0
-95 -18 -67 0
67 62 -35 0
-72 60 -91 0
-57 74 107 0
24 -68 -102 0
93 -50 107 0
27 -93 53 0
34 -77 49 0
7 61 -9 0
-86 -105 -107 0
-64 -45 -90 0
-52 -11 -68 0
25 -8 58 0
-90 -51 -33 0
29 65 -94 0
93 14 -24 0
85 83 15 0
-47 96 105 0
92 -23 -14 0
-73 -89 -44 0
-8 -73 -92 0
80 -73 -10 0
22 -36 92 0
-48 -99 104 0
-67 -53 27 0
-90 -85 -107 0
72 104 -60 0
16 -101 80 0
-59 95 34 0
-22 -17 -8 0
33 -9 -81 0
6 13 8 0
44 -60 -6 0
89 -19 -84 0
-93 83 -84 0
84 52 -56 0
-29 106 75 0
-45 -69 -15 0
-64 -70 109 0
66 12 22 0
103 -33 -19 0
-107 54 20 0
80 -68 -32 0
85 8 -109 0
-61 96 -77 0
-98 45 86 0
14 -42 -48 0
18 98 28 0
99 4 -20 0
-43 -82 15 0
-10 90 -107 0
48 -11 9 0
-81 -49 43 0
-87 10 -69 0
-66 83 3 0
-17 -74 -65 0
-35 11 23 0
-34 -19 -104 0
90 -24 102 0
-102 24 67 0
36 38 95 0
68 37 -105 0
3 -94 -42 0
82 99 93 0
-60 52 -23 0
-42 -65 56 0
45 109 106 0
4 62 103 0
-33 36 -38 0
61 -40 -8 0
7 85 -52 0
62 -63 75 0
10 49 -24 0
85 96 -100 0
40 -50 16 0
58 -53 -81 0
-29 73 81 0
10 -42 -101 0
30 -95 59 0
-11 108 -67 0
48 -76 -20 0
25 -53 2 0
108 86 110 0
-35 -83 -86 0
-9 20 -88 0
-60 -6 -57 0
4 -46 -42 0
52 100 9 0
102 -18 79 0
-38 22 93 0
6 -66 109 0
9 -26 -31 0
33 -80 -108 0
-10 -105 -38 0
63 92 -6 0
-110 80 88 0
-103 7 94 0
53 84 -105 0
-15 -30 -105 0
36 16 63 0
65 -109 -88 0
-15 39 33 0
-67 18 90 0
-8 -53 10 0
3 47 -96 0
12 -77 83 0
-70 108 -91 0
-61 46 25 0
-110 49 70 0
13 -74 73 0
-16 -12 -26 0
-28 -37 76 0
18 44 -5 0
107 61 57 0
-4 107 73 0
-54 13 -46 0
105 24 30 0
-29 44 90 0
-73 -68 63 0
-16 -83 -74 0
13 23 -56 0
106 -73 55 0
-50 54 87 0
5 51 -45 0
86 -110 -4 0
34 -63 41 0
99 -32 97 0
-69 -101 -103 0
87 58 110 0
-3 94 -6 0
48 -2 -85 0
-32 -14 -38 0
24 -21 -108 0
-96 -87 -77 0
-56 -61 31 0
36 -91 45 0
59 -6 -32 0
-34 23 64 0
-42 29 -34 0
27 62 -77 0
108 -68 -11 0
16 52 -4 0
39 2 23 0
54 -88 -55 0
50 -100 -33 0
-26 -84 92 0
