p cnf 120 480
16 14 -51 0
71 -11 -67 0
85 6 59 0
-87 -96 -25 0
18 -20 -34 0
-25 -93 -7 0
56 -72 35 0
-77 -68 -74 0
-1 -115 19 0
-97 7 34 0
72 -66 -80 0
-58 21 73 0
-10 47 110 0
-66 15 79 0
64 53 -43 0
94 8 30 0
95 -94 80 0
-42 -75 -30 0
-63 -46 20 0
-94 51 -24 0
104 -71 -12 0
78 -52 93 0
89 -84 86 0
-98 -73 -97 0
-11 -46 87 0
18 42 -62 0
-52 23 54 0
98 -113 56 0
-46 97 -40 0
73 6 -103 0
43 -84 -96 0
3 -32 -31 0
-67 -10 99 0
45 -56 -43 0
-99 6 -68 0
-10 20 -115 0
-5 -102 15 0
-46 -25 90 0
-38 -62 86 0
42 94 47 0
-22 -34 -97 0
-100 -11 -108 0
-19 95 113 0
62 -52 -59 0
22 -53 103 0
18 -102 12 0
88 52 -76 0
27 -41 -9 0
-50 -55 57 0
101 -77 72 0
12 -46 57 0
92 114 98 0
-80 -65 72 0
-2 16 -62 0
74 69 -83 0
101 -36 -55 0
28 -115 -79 0
37 -28 102 0
54 103 -68 0
-54 55 -118 0
104 60 56 0
-95 4 -88 0
-54 103 89 0
-51 58 76 0
61 25 114 0
-3 104 -99 0
39 -114 -35 0
99 -77 32 0
-36 -52 90 0
97 -7 8 0
-119 -80 -55 0
-13 -11 -111 0
70 -108 42 0
56 -92 34 0
-105 75 115 0
94 76 79 0
110 88 80 0
-21 39 73 0
86 -111 -47 0
-48 110 -36 0
-115 -20 90 0
-29 -109 3 0
-33 -97 54 0
60 -54 -83 0
-77 21 -24 0
-2 59 57 0
42 80 -89 0
79 -98 34 0
87 42 -118 0
112 -119 -12 0
-43 32 25 0
1 -45 79 0
-27 7 -84 0
-26 -117 -70 0
-64 60 -56 0
75 -67 62 0
59 28 7 0
-108 22 -28 0
26 27 -112 0
-7 20 -100 0
8 36 -25 0
36 31 49 0
40 53 -14 0
-38 117 -44 0
-31 27 -108 0
-108 -52 53 0
-112 22 -23 0
43 99 116 0
-39 23 81 0
-6 108 -33 0
-22 -75 35 0
13 -87 -39 0
-104 36 -40 0
66 -47 -96 0
25 110 109 0
-100 -33 -74 0
44 -84 112 0
104 67 41 0
-41 -39 65 0
-94 99 93 0
96 -88 -109 0
75 111 -35 0
-24 -60 28 0
-60 -77 34 0
104 102 -81 0
-32 -18 64 0
-24 -38 -31 0
-99 73 -17 0
-2 -47 -38 0
91 -71 -87 0
-17 79 -101 0
-32 -15 1 0
-5 100 1 0
-57 -55 71 0
39 98 -88 0
-13 38 2 0
97 14 94 0
28 -105 46 0
106 -98 61 0
117 65 -80 0
13 -9 47 0
-53 35 -5 0
-72 89 23 0
-17 92 33 0
-27 2 106 0
-3 -45 24 0
13 -105 22 0
-38 14 -5 0
-3 -36 -8 0
-117 -88 116 0
72 47 -113 0
-71 26 35 0
36 -3 69 0
-69 -13 -37 0
-44 -45 24 0
-76 14 -74 0
63 -115 -71 0
-6 -85 27 0
-112 89 -70 0
15 30 116 0
82 11 -56 0
94 -92 -78 0
-101 28 -75 0
-83 -12 61 0
55 66 5 0
1 3 -62 0
-80 47 114 0
-93 79 -24 0
37 -83 -36 0
112 -82 30 0
-109 52 34 0
40 19 43 0
82 91 -118 0
-49 -91 57 0
-17 71 -97 0
56 -11 76 0
-92 -20 -74 0
-98 61 -59 0
-45 68 109 0
-12 52 95 0
55 -114 8 0
92 48 65 0
44 -28 -94 0
-26 -72 33 0
-88 -48 -102 0
-40 -35 92 0
85 117 37 0
5 95 -48 0
-109 77 -29 0
95 9 120 0
-28 26 55 0
89 36 15 0
-10 -16 -35 0
-43 -112 67 0
92 -1 -56 0
-81 30 -9 0
-79 86 -46 0
49 104 30 0
-104 -41 54 0
-99 21 108 0
-90 38 47 0
-116 40 52 0
-22 -115 -15 0
-53 -37 4 0
-110 -36 -120 0
50 -20 -97 0
-106 65 57 0
-20 -94 -19 0
-9 58 82 0
60 72 22 0
77 2 95 0
26 -55 -96 0
78 61 112 0
22 -79 95 0
96 67 50 0
11 99 101 0
30 78 17 0
103 77 -20 0
85 49 119 0
-89 110 76 0
-33 -8 -10 0
-120 6 27 0
104 83 -94 0
-22 118 59 0
-106 22 41 0
-92 -21 -61 0
63 -53 8 0
-83 88 27 0
-11 -112 -102 0
-116 61 101 0
-25 -111 -98 0
50 57 -29 0
-72 104 29 0
119 28 -50 0
113 1 -69 0
-83 19 72 0
77 -17 -103 0
21 48 -43 0
-32 16 22 0
-112 74 -120 0
-85 -107 -27 0
-84 51 -100 0
-17 80 -116 0
-3 -18 70 0
76 45 53 0
-42 6 -112 0
-70 118 -39 0
-25 98 -102 0
89 -112 -106 0
-25 114 73 0
-97 47 -6 0
-117 97 -67 0
91 61 -59 0
-25 17 -5 0
61 55 81 0
-84 114 -30 0
40 -66 -12 0
-22 -94 -26 0
-115 -51 57 0
5 -75 -36 0
59 84 -9 0
34 -3 47 0
-110 -99 -21 0
-107 45 17 0
-83 -37 118 0
-115 -35 -116 0
71 21 -73 0
-23 -117 -32 0
-77 -37 47 0
-68 -92 -116 0
47 -68 19 0
-84 90 -114 0
2 54 -114 0
-109 -107 47 0
26 -76 81 0
69 -44 72 0
-72 15 11 0
-75 -16 113 0
-78 63 -110 0
97 78 -116 0
115 -38 -64 0
92 24 -40 0
-97 -29 114 0
106 113 -15 0
-21 109 -26 0
-16 -23 50 0
34 85 102 0
-82 -110 -54 0
2 54 -79 0
-88 42 -68 0
35 -79 112 0
-15 4 -73 0
95 -54 -15 0
-59 -18 -2 0
-43 58 -28 0
-22 -65 -110 0
-83 73 -88 0
70 -51 -10 0
95 -65 -43 0
-64 18 32 0
110 90 -17 0
94 67 -57 0
-70 -80 -113 0
49 20 71 0
-42 -10 118 0
87 -77 -25 0
118 -64 35 0
-82 117 88 0
-113 -68 -104 0
-49 15 -67 0
90 112 72 0
-3 -118 -24 0
79 -46 -80 0
96 94 -71 0
-20 110 -26 0
-31 -97 114 0
72 94 52 0
58 -109 113 0
-113 26 -52 0
-53 47 20 0
-28 1 111 0
-101 -40 -63 0
62 -93 -78 0
109 -45 19 0
-94 -39 -98 0
-83 92 -1 0
61 16 38 0
-63 -61 13 0
-112 -79 -98 0
-77 34 18 0
43 -55 -7 0
51 24 9 0
-85 -34 -104 0
-95 10 -80 0
101 19 -117 0
-89 42 29 0
-23 18 -101 0
-11 117 48 0
88 -61 120 0
60 -49 -106 0
98 -75 80 0
58 -53 11 0
93 -82 50 0
53 7 -97 0
-6 -105 -106 0
-82 35 -93 0
-3 -79 88 0
-64 -95 13 0
-9 24 50 0
-12 20 100 0
78 71 81 0
90 64 113 0
114 -67 -72 0
95 7 -87 0
109 103 -87 0
116 -7 -12 0
108 -25 6 0
-58 65 -78 0
74 -81 -41 0
16 17 21 0
65 -3 82 0
-14 99 -96 0
-39 94 -36 0
104 94 -60 0
-102 -35 58 0
77 -62 56 0
77 76 91 0
31 83 -104 0
-47 98 -30 0
26 -96 -114 0
106 -26 13 0
-62 6 23 0
-67 97 49 0
-10 47 106 0
-7 71 62 0
-7 118 78 0
-98 103 112 0
85 47 69 0
-106 44 -12 0
-82 54 -76 0
-63 99 64 0
-64 -69 -100 0
-116 -80 -32 0
-48 62 92 0
-74 80 -101 0
109 13 9 0
-50 -29 -117 0
-49 47 26 0
-20 94 -36 0
19 102 -100 0
-4 -116 38 0
-92 75 76 0
104 55 117 0
108 -17 -89 0
-10 25 84 0
-64 -84 104 0
54 80 -51 0
71 23 57 0
69 -27 -109 0
9 94 93 0
29 8 -79 0
96 50 12 0
-82 -6 -71 0
-115 98 88 0
-7 68 -113 0
21 69 -116 0
11 -31 -18 0
23 108 75 0
-74 61 73 0
-113 108 -43 0
92 105 -82 0
51 -72 15 0
107 -60 42 0
-24 58 -30 0
-96 -80 73 0
-55 64 -76 0
-12 -109 79 0
-35 17 -39 0
-91 44 -10 0
29 86 60 0
110 -83 -17 0
-63 -44 94 0
-38 58 -94 0
111 23 76 0
-99 9 85 0
-95 -53 111 0
-86 89 96 0
114 63 -59 0
-20 84 -75 0
-57 -16 110 0
-12 -37 28 0
-97 -78 -47 0
-91 -74 -102 0
-33 -65 -89 0
-115 -111 3 0
-63 -111 81 0
-100 81 34 0
-61 43 -18 0
-115 37 -92 0
35 -18 -17 0
-99 89 61 0
90 -98 88 0
42 -7 -34 0
99 -51 79 0
-20 -100 11 0
-41 66 70 0
-50 29 73 0
-29 -8 -61 0
44 60 -46 0
107 4 -77 0
-81 106 -6 0
15 78 73 0
-23 16 -120 0
-54 107 8 0
-115 72 -80 0
-115 17 50 0
-27 60 -91 0
-118 96 6 0
-80 18 -36 0
-73 -12 -20 0
36 -107 -106 0
73 85 -100 0
7 24 -101 0
69 72 110 0
96 16 70 0
61 33 -36 0
-76 -14 -103 0
-78 82 83 0
114 107 109 0
-43 -30 -54 0
-77 76 26 0
-110 91 -4 0
-109 54 -46 0
-116 39 -95 0
70 103 58 0
-62 -22 -98 0
1 -19 83 0
-36 87 -4 0
-89 -34 93 0
-26 -8 -5 0
