p cnf 120 480
77 76 -37 0
101 48 54 0
48 -104 -2 0
101 -49 -30 0
110 85 -26 0
103 19 -105 0
102 23 59 0
-108 -96 -29 0
-54 -13 51 0
44 76 -79 0
38 54 45 0
85 77 103 0
48 -24 87 0
4 38 -49 0
-29 -73 -78 0
29 -82 -91 0
24 -21 -79 0
-102 -34 66 0
18 26 82 0
116 -53 42 0
26 66 -8 0
45 -61 116 0
-26 32 6 0
93 -89 -49 0
42 89 -35 0
103 23 -110 0
64 -70 -7 0
-5 77 -23 0
-9 72 -30 0
-118 32 -30 0
15 -65 -72 0
4 112 -77 0
-17 69 54 0
-113 36 50 0
-83 104 70 0
29 118 -112 0
61 15 -120 0
55 66 -42 0
-102 -86 11 0
-17 -120 64 0
-40 39 47 0
-27 -18 -69 0
-97 -108 119 0
44 17 48 0
-61 50 -17 0
-26 -110 -85 0
-78 57 -32 0
-14 -19 107 0
61 45 14 0
-67 -15 106 0
59 79 113 0
100 65 -6 0
65 53 -35 0
-37 10 77 0
5 -61 -49 0
-91 -109 -82 0
-57 -115 34 0
-115 -8 9 0
42 -8 -64 0
-85 -2 -84 0
12 46 17 0
16 102 -115 0
-36 61 76 0
-73 -92 2 0
25 -48 -42 0
119 -13 79 0
-32 13 105 0
117 -76 -78 0
93 62 27 0
2 65 -56 0
-43 -40 -61 0
89 -96 -107 0
28 -69 49 0
-63 54 -14 0
69 -109 -51 0
-66 -2 -34 0
81 -46 -102 0
73 58 28 0
-109 119 7 0
77 32 50 0
41 65 -71 0
6 -77 -30 0
49 2 -22 0
-93 23 -28 0
-95 -51 -113 0
85 -19 8 0
-53 -4 79 0
-10 105 112 0
-39 70 115 0
109 -74 42 0
21 2 -37 0
-57 -118 -51 0
6 -2 84 0
-105 -51 114 0
94 -6 65 0
-39 -95 54 0
-43 -85 67 0
-54 -88 84 0
67 -9 -48 0
-74 52 -99 0
-30 67 -51 0
21 104 8 0
41 -29 78 0
-67 119 113 0
32 76 -103 0
39 115 -13 0
-86 -14 -11 0
-23 49 -31 0
-75 86 112 0
-47 -112 48 0
-32 -44 117 0
-93 -61 -21 0
7 35 -2 0
-23 69 -30 0
118 14 23 0
80 71 -73 0
-86 52 73 0
61 -55 72 0
-60 50 2 0
-103 -58 14 0
100 72 -29 0
-7 -87 -86 0
-115 81 -116 0
69 -92 107 0
-42 -79 -26 0
-49 25 55 0
89 -110 -105 0
6 4 -91 0
-108 96 -58 0
79 -49 -87 0
75 -40 -33 0
-51 63 -29 0
-114 -82 -98 0
-45 105 109 0
-21 62 -67 0
14 22 -33 0
34 -26 -77 0
-41 94 45 0
118 -56 -45 0
-36 3 79 0
-92 26 87 0
-6 -99 52 0
55 108 91 0
73 -61 22 0
102 -70 51 0
27 55 -43 0
4 -28 -115 0
-51 89 56 0
-113 -119 -107 0
48 110 -95 0
32 87 -59 0
-118 -6 110 0
7 -55 21 0
74 -7 5 0
23 93 -108 0
-119 73 -89 0
14 52 112 0
110 22 -48 0
12 -114 -120 0
-54 31 80 0
18 -92 -91 0
66 18 -72 0
50 91 9 0
-37 -16 15 0
18 -33 89 0
-44 -91 52 0
-32 11 44 0
20 26 -100 0
-33 19 -119 0
117 -105 99 0
-29 -109 -96 0
-114 16 -95 0
-7 24 -78 0
81 75 -62 0
-67 54 -10 0
-1 76 -95 0
-101 104 -90 0
-85 -111 68 0
-27 38 109 0
108 -47 -17 0
-45 82 69 0
-78 110 67 0
64 -92 -2 0
119 -90 17 0
20 -99 54 0
-116 34 -7 0
-80 109 -64 0
91 107 13 0
20 3 44 0
53 -43 -112 0
-68 -70 -58 0
66 -96 -94 0
-39 98 -120 0
77 -65 113 0
32 -73 -118 0
99 -12 -44 0
80 103 -50 0
64 -47 59 0
63 92 24 0
-8 -21 -104 0
94 82 16 0
98 77 -2 0
93 -44 71 0
52 17 76 0
99 31 -6 0
-36 -72 -97 0
-20 -101 -44 0
106 -64 -26 0
30 102 -5 0
89 -94 40 0
37 31 -57 0
87 105 7 0
-70 10 -66 0
-92 82 -51 0
51 20 -57 0
31 117 115 0
58 -94 -90 0
67 -14 -5 0
28 -98 2 0
81 40 52 0
108 -48 28 0
-47 6 95 0
86 118 -87 0
-46 75 118 0
-99 106 -75 0
69 -113 34 0
91 108 32 0
98 -54 -80 0
40 -64 30 0
-20 62 -36 0
40 38 103 0
47 -104 -77 0
30 94 -37 0
37 112 -41 0
111 43 117 0
-23 -100 109 0
-107 14 87 0
43 86 -52 0
-46 79 69 0
-107 101 -13 0
24 -115 -102 0
43 23 -100 0
89 -18 -117 0
-40 62 -86 0
-24 9 31 0
-62 -69 -85 0
65 105 120 0
106 -55 85 0
-93 88 -73 0
52 100 25 0
-102 101 -2 0
101 -117 97 0
-107 -36 -90 0
-109 -76 -29 0
101 96 54 0
36 32 -61 0
50 -52 -103 0
3 54 -13 0
-101 17 -56 0
41 -55 13 0
-98 -57 -83 0
81 43 35 0
3 -59 -62 0
66 48 -6 0
-13 -84 120 0
10 43 39 0
27 -68 -53 0
118 73 -34 0
-35 58 64 0
22 21 -86 0
-78 -62 -44 0
60 -82 96 0
-20 97 45 0
66 3 -23 0
41 -116 15 0
32 -90 99 0
71 -17 -33 0
-95 -26 10 0
-14 28 66 0
68 -20 -8 0
78 -46 -67 0
120 89 35 0
61 -75 -49 0
-95 -86 -89 0
89 28 7 0
70 -110 -29 0
19 -31 5 0
99 68 59 0
57 -17 1 0
-94 110 111 0
24 -25 11 0
20 43 -16 0
56 -7 119 0
75 -87 -108 0
3 36 -6 0
112 120 -40 0
27 11 -36 0
3 -17 4 0
-52 59 -95 0
82 -104 -84 0
-119 -49 -15 0
-78 -60 115 0
-61 -89 6 0
-63 -115 -85 0
110 4 61 0
-34 -19 93 0
-109 -76 42 0
-110 -102 -17 0
-7 -75 -24 0
-35 -15 72 0
21 -18 56 0
-31 -52 119 0
-66 -27 -43 0
23 41 -38 0
98 44 -50 0
-51 -98 57 0
-37 -48 82 0
-108 -38 60 0
46 -33 72 0
-30 89 13 0
-30 100 78 0
-87 57 -110 0
90 102 -30 0
24 -81 -6 0
86 9 -117 0
-3 -60 -19 0
83 27 87 0
-40 8 63 0
5 -8 -63 0
-3 -97 34 0
-17 -60 -98 0
-30 -102 75 0
48 6 -3 0
43 -29 -113 0
-94 -26 -27 0
-71 61 11 0
59 -56 26 0
-116 -33 -120 0
-20 -62 2 0
22 74 -38 0
3 -77 35 0
53 117 -81 0
90 -10 -105 0
6 -90 102 0
-26 -108 -28 0
71 -1 59 0
64 88 -14 0
-53 56 14 0
88 -53 -11 0
33 -76 -83 0
-95 72 91 0
-94 -28 -12 0
-64 24 -37 0
29 -117 -94 0
-86 60 78 0
-44 -72 59 0
-17 -26 6 0
-113 85 107 0
36 110 -89 0
28 -96 -36 0
-95 -12 57 0
-17 -84 1 0
78 -52 -80 0
47 -35 -31 0
44 7 -65 0
48 30 -89 0
-31 -43 -44 0
-15 -8 33 0
41 -36 112 0
94 20 -116 0
60 36 107 0
4 18 -31 0
-11 26 -97 0
-72 -87 -118 0
5 -56 -4 0
52 -32 -13 0
-63 105 -73 0
-31 -11 -108 0
21 -100 -95 0
119 -65 115 0
11 -68 26 0
-96 -87 -2 0
-91 -100 -28 0
-62 -80 20 0
8 -119 -16 0
-37 47 -70 0
85 -33 115 0
16 1 103 0
46 57 50 0
19 -23 -37 0
5 98 29 0
-96 18 114 0
44 57 87 0
-21 -59 -86 0
-49 87 74 0
24 -5 7 0
-87 16 -10 0
114 -97 43 0
15 108 -111 0
-41 68 -25 0
-117 -45 -83 0
-14 50 96 0
110 4 85 0
-81 34 53 0
101 104 -78 0
77 -54 -82 0
68 -86 56 0
-59 16 41 0
-35 -94 25 0
-117 116 50 0
-8 52 -66 0
-84 -69 -42 0
-23 103 -108 0
70 -44 -33 0
113 -91 -2 0
-54 -110 91 0
-58 -35 7 0
-38 103 44 0
14 56 -114 0
9 74 35 0
55 78 -82 0
-34 -81 -102 0
-78 -44 19 0
-61 -26 17 0
-26 111 15 0
-67 -49 105 0
104 -66 116 0
86 -12 68 0
-116 -63 99 0
-10 52 -120 0
31 -86 9 0
46 -18 -52 0
75 76 -34 0
-23 57 46 0
113 41 -19 0
108 -32 47 0
-42 92 -104 0
35 -45 -39 0
110 -78 39 0
-112 114 -8 0
-97 -47 82 0
98 91 29 0
33 72 -50 0
-117 7 114 0
57 98 66 0
116 -76 -58 0
22 -93 -106 0
99 17 107 0
36 -68 3 0
39 -22 -7 0
24 57 -119 0
53 77 24 0
-46 -26 95 0
-4 16 22 0
9 -100 103 0
-63 77 -73 0
19 100 -12 0
108 81 76 0
65 -62 18 0
-95 -64 -87 0
-114 28 73 0
-26 68 -75 0
59 48 81 0
19 -44 -57 0
-70 -27 37 0
7 105 111 0
-2 -100 50 0
64 60 29 0
-51 16 -75 0
68 -84 -119 0
-113 13 -58 0
-82 25 30 0
86 3 -79 0
74 -101 17 0
-120 111 101 0
-83 86 -60 0
107 -39 -80 0
109 38 20 0
89 -26 57 0
-48 -90 -77 0
