p cnf 100 400
37 -34 -56 0
-98 -43 -46 0
52 -72 94 0
56 -79 -98 0
-12 -83 -28 0
73 98 -65 0
-46 8 3 0
17 65 52 0
-74 17 -49 0
-27 -32 98 0
-93 18 65 0
95 -32 57 0
-36 59 21 0
-26 71 36 0
-28 99 96 0
30 52 65 0
60 73 -18 0
100 -8 65 0
-54 -63 -62 0
-17 23 -14 0
33 -79 98 0
-21 -88 -83 0
-20 90 -60 0
-82 -30 -84 0
-81 4 43 0
-2 -13 -17 0
35 73 34 0
90 -38 -43 0
-92 15 -61 0
-82 21 -95 0
35 98 27 0
67 68 -17 0
83 -61 44 0
16 87 67 0
-79 95 -64 0
-1 -41 68 0
83 -80 56 0
-16 -74 39 0
30 46 -47 0
-69 29 -18 0
58 -21 -56 0
-94 -56 -79 0
-10 -30 -40 0
-8 61 -15 0
88 91 -65 0
-23 -78 43 0
-59 -49 92 0
8 9 -31 0
63 19 -1 0
93 59 76 0
-41 39 -90 0
-72 56 30 0
-76 -44 74 0
48 -88 86 0
-12 10 -99 0
97 99 50 0
20 1 -61 0
-53 7 51 0
-17 -52 -20 0
-11 -98 95 0
-95 62 -15 0
-3 14 -68 0
-1 -100 -54 0
-58 -23 -95 0
93 77 -80 0
-2 -6 85 0
-51 15 96 0
1 -83 60 0
-56 -93 9 0
35 -87 7 0
38 37 -63 0
-26 76 48 0
96 70 -84 0
-34 87 -17 0
17 -48 8 0
68 -100 42 0
34 -48 6 0
62 38 -81 0
-16 5 -18 0
90 -83 -97 0
-70 41 -46 0
-53 80 55 0
79 -45 -44 0
-21 -28 -76 0
-68 -23 94 0
-64 -96 5 0
28 83 -70 0
81 -55 -72 0
-17 46 2 0
-18 -6 -30 0
-16 46 -99 0
22 -70 -81 0
-48 39 -57 0
15 -83 -63 0
-50 24 96 0
47 -42 18 0
4 98 5 0
66 7 5 0
12 3 67 0
66 -14 70 0
-64 37 -77 0
38 55 18 0
-20 -94 -35 0
17 77 81 0
-70 -92 -78 0
-37 -94 -91 0
-3 -81 -60 0
11 33 96 0
-41 -65 -53 0
-63 -53 -11 0
49 10 -94 0
-79 35 78 0
-13 -70 -45 0
-12 -95 99 0
-13 -29 20 0
-3 -39 -36 0
64 17 -22 0
45 -21 68 0
-99 53 -68 0
-51 3 -38 0
65 -17 -33 0
-66 96 25 0
-63 56 -95 0
49 69 -48 0
-95 78 66 0
-83 18 -81 0
5 79 67 0
-50 -47 17 0
49 -47 11 0
-99 82 -39 0
-79 91 -88 0
47 -35 -92 0
16 -54 33 0
10 -49 -39 0
-59 -75 51 0
-23 -52 -74 0
81 66 23 0
-3 73 92 0
43 -67 -16 0
64 -24 -31 0
9 18 66 0
35 30 -82 0
-88 83 -17 0
60 -100 65 0
-100 92 -46 0
13 39 -47 0
-86 54 -76 0
17 -37 35 0
-86 -94 64 0
-100 40 -14 0
35 10 98 0
-80 46 -71 0
45 72 -12 0
33 28 74 0
15 -42 -82 0
-52 59 33 0
-46 -96 -73 0
-78 2 57 0
33 -11 -34 0
8 -75 21 0
-74 -83 10 0
-95 86 -85 0
11 -100 77 0
5 -80 -91 0
47 88 -50 0
-9 -100 -41 0
-13 -68 -53 0
47 11 -79 0
56 17 -10 0
8 14 58 0
-79 29 -46 0
59 -43 57 0
-9 100 -83 0
66 -74 20 0
75 60 14 0
-79 45 -9 0
60 -88 -71 0
-93 19 43 0
-75 2 -67 0
-29 -65 43 0
74 -76 -4 0
-95 14 3 0
14 70 76 0
-73 -88 86 0
-21 -55 -28 0
-59 -48 -94 0
23 -9 54 0
-12 -23 30 0
-62 -31 67 0
-62 -83 -25 0
82 -73 -95 0
82 -41 -64 0
84 -94 -64 0
65 72 64 0
-65 66 91 0
30 -56 -29 0
-70 19 3 0
-32 93 57 0
33 -25 -62 0
-53 -46 -85 0
20 73 49 0
-79 90 -38 0
39 25 -30 0
10 -61 -88 0
-65 -12 13 0
-47 86 74 0
100 79 -70 0
-72 7 -88 0
70 54 -58 0
-31 24 -62 0
-100 -25 58 0
95 70 8 0
-75 74 49 0
-97 -9 54 0
99 -95 -46 0
-47 -26 76 0
33 28 -50 0
-50 90 15 0
92 -88 -49 0
68 9 -77 0
6 55 16 0
-64 19 -91 0
-74 -8 -88 0
13 25 -45 0
12 81 -30 0
-99 11 -96 0
43 -19 26 0
10 -100 3 0
47 11 -90 0
19 29 72 0
16 44 60 0
36 13 -2 0
-28 52 -79 0
23 82 -53 0
25 53 -3 0
-83 48 85 0
-91 14 20 0
-33 90 71 0
94 31 1 0
99 -92 -60 0
-93 5 57 0
-85 -49 -82 0
-74 22 72 0
87 83 -70 0
-53 15 79 0
60 46 -90 0
43 24 61 0
36 96 -44 0
30 9 -70 0
-75 -27 59 0
-59 -9 -51 0
-71 78 -7 0
-28 61 92 0
-64 85 50 0
-49 -48 -13 0
14 -51 44 0
-23 -6 -7 0
-4 47 -51 0
47 13 69 0
-76 -19 22 0
95 80 36 0
-1 39 77 0
41 -29 16 0
72 2 -18 0
60 57 -53 0
-40 10 69 0
-35 -36 33 0
46 -39 79 0
-23 -5 -81 0
-85 -75 -98 0
26 12 22 0
-14 21 -83 0
13 23 56 0
78 59 -18 0
-13 -96 -19 0
-100 -26 -75 0
-2 -73 90 0
-24 -7 10 0
53 -4 -23 0
-61 16 30 0
23 17 79 0
-21 -36 69 0
7 27 -59 0
-89 -80 68 0
-71 27 33 0
-37 -11 67 0
-1 63 -49 0
-91 10 -78 0
-35 10 -94 0
-72 -99 -30 0
-11 87 23 0
82 55 91 0
-63 8 80 0
-4 24 93 0
85 36 92 0
-96 32 40 0
19 70 -93 0
11 84 36 0
37 34 12 0
-81 -18 -41 0
37 -87 14 0
60 -15 -53 0
34 15 -63 0
10 93 60 0
27 10 56 0
-45 -92 -32 0
73 59 -18 0
-82 -19 -86 0
28 33 -86 0
-80 25 -31 0
-27 24 -99 0
6 -90 -38 0
46 18 -68 0
-33 89 -39 0
-31 63 83 0
-58 22 99 0
40 83 -71 0
-26 -74 -12 0
75 71 77 0
-89 73 -37 0
51 -73 20 0
80 -47 68 0
-70 97 31 0
-21 -20 68 0
61 30 8 0
-84 -23 68 0
97 28 -12 0
1 -92 -4 0
78 73 45 0
-77 -99 -43 0
-68 36 -21 0
3 26 27 0
-82 28 -24 0
-11 -28 5 0
-39 -88 3 0
-38 99 -94 0
66 72 -37 0
98 63 -80 0
-80 -51 99 0
4 -79 -9 0
73 20 -22 0
-43 98 -51 0
-89 -75 49 0
-12 -33 61 0
33 9 96 0
-60 77 42 0
-17 65 -50 0
-100 8 41 0
78 90 2 0
87 40 -92 0
-44 -15 -31 0
36 95 44 0
-100 5 -51 0
79 -20 7 0
-36 13 -61 0
15 -64 51 0
12 -25 49 0
-34 -96 -46 0
-70 53 45 0
1 -62 57 0
71 -28 65 0
-93 -13 48 0
12 17 -33 0
11 -72 -1 0
-30 -22 15 0
94 39 -12 0
4 41 -20 0
90 -10 63 0
64 -13 36 0
-71 -47 19 0
4 -89 45 0
-36 71 -82 0
-32 -75 51 0
29 -34 86 0
20 -70 27 0
81 -11 -9 0
-34 76 36 0
53 70 -8 0
12 92 -48 0
-3 -65 -30 0
99 70 -41 0
-19 59 -9 0
-24 -71 -84 0
-95 -55 94 0
95 36 47 0
69 -59 38 0
-74 -51 -93 0
11 68 -65 0
-10 -53 -25 0
-22 -59 41 0
-95 11 -75 0
-23 78 -64 0
99 -50 -59 0
-48 51 55 0
89 81 -12 0
-15 38 55 0
-81 -55 48 0
25 94 -16 0
19 75 -40 0
-84 -19 -13 0
