p cnf 120 480
-89 -35 27 0
-46 111 58 0
74 -69 27 0
-94 -40 -48 0
-18 -84 -116 0
-20 76 -79 0
58 -87 66 0
-11 -81 83 0
7 -30 34 0
80 37 -42 0
52 -19 61 0
25 -73 48 0
50 -10 114 0
4 94 19 0
54 -94 -16 0
35 37 19 0
113 -21 105 0
-41 17 -30 0
21 78 -68 0
-65 20 -93 0
-92 87 -24 0
-81 -19 8 0
101 -63 115 0
-30 20 119 0
8 109 -98 0
83 65 15 0
115 55 -40 0
3 -40 -116 0
56 -72 59 0
30 14 -2 0
-38 -76 -2 0
39 48 20 0
-33 -45 -35 0
116 23 -27 0
-117 -78 -33 0
77 3 -12 0
34 98 -96 0
-62 -116 86 0
12 19 -107 0
-61 -107 -39 0
47 -71 1 0
-38 -113 -46 0
3 9 -98 0
-57 95 107 0
-112 40 92 0
35 30 -92 0
36 -12 -32 0
63 102 -13 0
-61 95 85 0
87 -5 110 0
-38 -22 72 0
52 49 12 0
12 19 38 0
-111 -112 28 0
101 -113 64 0
-44 -42 4 0
80 -93 54 0
9 19 -104 0
83 58 78 0
95 8 117 0
-120 5 110 0
91 36 19 0
56 -118 -15 0
98 15 -6 0
45 -49 -3 0
114 55 24 0
39 4 37 0
52 59 63 0
-70 -41 110 0
-7 57 74 0
-9 -86 33 0
-6 -92 106 0
-63 -31 -1 0
-21 65 56 0
-27 -15 -114 0
17 -26 65 0
98 51 -89 0
-83 100 -88 0
112 3 36 0
74 14 85 0
-79 42 4 0
104 -42 27 0
83 -36 -5 0
-102 15 -70 0
-79 86 -85 0
-15 33 -96 0
-40 -17 -71 0
-106 -86 97 0
60 -48 9 0
90 110 111 0
-96 31 -116 0
-96 69 6 0
-73 118 53 0
-51 -119 91 0
-20 -26 -23 0
-24 67 -87 0
-96 112 -105 0
-73 -64 -59 0
92 41 -53 0
-104 -87 71 0
14 -103 82 0
-66 118 15 0
39 63 45 0
-51 -77 103 0
41 21 43 0
-68 90 114 0
-109 116 -33 0
-23 37 -71 0
44 80 53 0
-22 87 -67 0
-98 -55 -47 0
-94 112 -55 0
109 -72 -37 0
57 14 73 0
-91 24 -101 0
79 84 -51 0
17 87 45 0
3 -94 119 0
20 -51 66 0
8 36 -54 0
71 46 -114 0
-81 23 42 0
50 -72 -118 0
-111 33 101 0
-17 -31 -30 0
-104 -116 -50 0
-82 -68 107 0
-29 11 -81 0
-41 57 77 0
-20 87 22 0
-95 -71 17 0
-107 -73 -18 0
-102 -33 -52 0
-6 77 -70 0
-81 -35 67 0
-29 -35 -112 0
-79 -10 -80 0
62 104 78 0
78 -29 -80 0
87 46 76 0
-22 75 40 0
79 -97 -114 0
71 89 -34 0
-92 28 116 0
109 92 -15 0
-44 -7 106 0
-80 -108 -107 0
73 -78 -55 0
67 -59 -42 0
37 74 -51 0
-97 -92 -74 0
11 83 68 0
64 -70 -83 0
62 -63 73 0
34 93 104 0
-21 108 -58 0
-63 -58 7 0
102 87 -60 0
113 77 -117 0
-95 -80 97 0
29 -93 -36 0
-113 104 -92 0
-64 120 22 0
38 -23 26 0
31 38 -91 0
-39 -82 88 0
85 62 -42 0
-31 83 -62 0
63 -104 80 0
5 76 -3 0
-29 -100 -95 0
-100 -31 62 0
-96 117 88 0
52 102 3 0
-7 -81 70 0
-12 -107 -11 0
79 -73 78 0
-38 -15 -117 0
98 97 -51 0
75 21 -15 0
-79 -115 59 0
-35 74 -87 0
7 108 -31 0
1 -50 90 0
-55 104 94 0
106 -99 -33 0
62 -15 -76 0
10 72 -6 0
93 -52 -54 0
49 -120 24 0
76 -95 82 0
-56 62 -89 0
117 58 -50 0
84 -30 -14 0
-17 85 -76 0
-116 -54 -106 0
-60 14 -23 0
-66 25 -28 0
118 -111 -105 0
-66 -58 93 0
-10 -115 -94 0
19 22 -44 0
-18 88 -94 0
-15 82 -52 0
97 85 57 0
-1 99 21 0
-78 88 6 0
43 -69 60 0
-83 75 -47 0
-50 -67 69 0
-61 117 -94 0
-2 63 99 0
-103 60 73 0
38 -20 53 0
-19 -6 -104 0
-14 -99 -74 0
-64 -5 -88 0
-11 -8 93 0
-85 23 -42 0
-105 -72 -24 0
40 -79 -105 0
-83 9 -118 0
-81 15 -29 0
-22 -80 -50 0
79 -42 49 0
86 -95 39 0
-43 -41 97 0
-14 59 13 0
-5 -40 -34 0
22 -15 -115 0
-6 117 -24 0
89 4 -55 0
1 5 -6 0
-59 56 62 0
-86 -107 22 0
-94 -96 -12 0
-78 29 -57 0
60 -27 107 0
-20 -15 52 0
-27 71 31 0
95 -20 -84 0
-91 -33 -72 0
-86 -25 117 0
-72 -94 -61 0
-35 -49 106 0
112 -22 109 0
33 -34 -21 0
-56 74 -7 0
91 88 23 0
10 119 111 0
-84 -8 -36 0
-33 80 50 0
-75 -46 8 0
-10 27 -73 0
-108 -91 2 0
87 -118 96 0
-35 -9 2 0
60 95 -26 0
56 71 -19 0
86 35 -14 0
-52 -115 -36 0
57 74 -80 0
104 -66 47 0
-86 -71 35 0
-91 -24 -21 0
9 -20 -100 0
-21 -15 55 0
31 103 -92 0
-24 31 77 0
6 -67 90 0
-27 -96 -54 0
-26 -114 -22 0
103 -107 64 0
-52 -68 75 0
50 22 8 0
-41 24 -33 0
65 -1 92 0
55 -22 -32 0
77 -115 86 0
-4 -41 71 0
51 -19 47 0
-66 -5 -14 0
5 30 85 0
-36 116 91 0
106 -44 -99 0
86 104 -118 0
73 -106 -51 0
89 103 -1 0
94 -82 42 0
-63 35 -79 0
-117 19 110 0
99 35 -14 0
-93 -77 -72 0
-83 -36 72 0
-21 10 -76 0
-85 41 -48 0
-97 65 27 0
-86 77 93 0
-10 -104 6 0
24 103 38 0
-10 99 -90 0
72 68 -4 0
33 -77 109 0
12 58 -42 0
12 19 108 0
106 -49 -96 0
-59 115 -88 0
-53 119 78 0
116 31 -66 0
106 104 99 0
-63 -22 98 0
-20 -19 -2 0
106 -79 10 0
-12 -19 84 0
-70 66 -72 0
-32 58 -93 0
-85 -63 56 0
-10 -51 30 0
103 -81 -8 0
-76 -4 104 0
-71 92 -72 0
116 31 -54 0
62 -94 51 0
35 -2 6 0
93 -24 2 0
42 -62 -85 0
-9 12 32 0
86 -4 -45 0
47 34 38 0
-35 -24 -101 0
-115 117 25 0
-90 -47 94 0
-24 -31 43 0
-67 97 -77 0
45 89 116 0
12 -88 105 0
99 -101 -1 0
-20 -112 -14 0
-35 -103 -7 0
107 -30 -115 0
69 -26 -102 0
-7 88 -71 0
-88 -5 24 0
-115 7 22 0
-52 -106 80 0
-57 -72 101 0
106 62 -44 0
118 119 -87 0
-104 -15 115 0
-7 85 -77 0
59 -102 73 0
29 14 -102 0
-108 -79 -17 0
-108 35 72 0
13 -49 86 0
-36 120 23 0
109 -76 18 0
120 -94 30 0
-118 -111 80 0
1 -25 -101 0
-29 -50 110 0
75 -74 99 0
60 -3 -76 0
-68 -7 -45 0
97 110 -32 0
109 112 -72 0
-3 -81 -45 0
106 -91 35 0
24 12 -57 0
-118 27 63 0
-107 90 52 0
-111 -25 114 0
111 -8 27 0
-107 -58 61 0
83 71 -104 0
118 -15 -37 0
-102 -16 43 0
-59 67 29 0
-100 90 13 0
-9 14 -101 0
-100 -45 -28 0
-44 -84 -115 0
-13 -2 15 0
-48 -70 91 0
-49 34 89 0
-97 -25 38 0
-104 -44 107 0
77 79 66 0
-108 -76 -48 0
-87 24 67 0
65 12 -103 0
29 98 39 0
108 64 -87 0
-45 10 83 0
81 22 -49 0
-33 -92 -72 0
-11 107 75 0
-53 15 62 0
73 48 -62 0
76 39 93 0
91 61 47 0
65 49 116 0
102 -71 80 0
96 -105 -54 0
83 109 82 0
-3 -25 -42 0
12 -55 115 0
47 -64 107 0
-103 28 82 0
-58 -5 -91 0
50 15 -117 0
-14 36 57 0
65 108 93 0
42 109 4 0
46 -120 112 0
51 -29 7 0
-79 -1 -94 0
-21 65 74 0
19 -78 115 0
95 65 -23 0
-54 -115 -89 0
-9 20 -84 0
26 63 18 0
119 89 76 0
105 116 14 0
56 -49 22 0
-49 24 -93 0
51 85 49 0
36 33 89 0
-7 90 -45 0
14 -85 -89 0
21 64 106 0
60 -65 34 0
-97 -26 -62 0
104 111 -112 0
11 10 78 0
97 -28 14 0
-99 42 -85 0
-107 -4 -73 0
-96 -54 101 0
-78 53 77 0
-78 -65 68 0
-105 -93 -14 0
58 46 -24 0
-105 -117 -85 0
28 -19 17 0
-76 22 92 0
40 -114 -109 0
-24 73 -62 0
13 99 82 0
-11 -29 10 0
85 -110 -72 0
-37 -46 56 0
-36 66 61 0
-36 15 61 0
-54 28 -38 0
42 -73 57 0
70 106 -30 0
-2 -84 -48 0
-19 42 -26 0
32 -105 -51 0
-51 37 116 0
-36 76 70 0
-4 -97 23 0
94 -15 47 0
25 117 42 0
18 -58 -88 0
-71 48 31 0
-99 29 3 0
21 -81 31 0
38 1 -28 0
18 -112 -43 0
63 54 76 0
68 -56 78 0
-83 -37 62 0
-33 75 65 0
-9 110 -114 0
102 -52 22 0
90 57 -95 0
105 -84 19 0
