p cnf 120 480
45 -66 -84 0
-7 63 36 0
-55 -70 76 0
36 82 64 0
39 110 78 0
-81 115 -110 0
-77 33 73 0
-109 4 -50 0
44 41 45 0
-40 -34 10 0
102 113 -100 0
45 91 59 0
1 34 -80 0
66 -31 -120 0
-81 23 -51 0
-96 -106 119 0
-55 -6 96 0
-51 -95 -91 0
-38 -49 13 0
16 71 -70 0
-45 -25 6 0
-100 -51 76 0
-32 -114 -90 0
-52 112 -59 0
-4 -81 95 0
-60 -67 -42 0
-99 11 109 0
-39 -84 -18 0
107 43 -24 0
-86 -47 -94 0
-67 33 -108 0
-77 78 -99 0
-37 69 -40 0
-44 18 116 0
-68 61 -118 0
-7 58 70 0
96 -115 97 0
-102 -110 13 0
-8 48 -15 0
51 -108 59 0
8 -41 88 0
-93 -120 -108 0
-61 -109 -12 0
-63 42 -36 0
-9 -1 -68 0
92 108 11 0
-106 -19 63 0
-81 79 36 0
-46 109 64 0
-6 -94 -67 0
49 108 -43 0
-111 -85 5 0
111 21 9 0
39 19 5 0
-34 26 120 0
-32 -2 76 0
-120 -56 51 0
-111 8 -109 0
-60 62 -37 0
31 69 -61 0
-20 -108 102 0
41 -112 -66 0
-27 -82 -59 0
49 -81 67 0
-49 -52 17 0
-64 -68 49 0
105 22 56 0
18 -7 -107 0
34 47 -9 0
95 74 -45 0
2 118 31 0
-109 -118 104 0
81 6 84 0
-16 11 -95 0
38 76 -87 0
-74 -100 28 0
109 -10 -26 0
31 89 -65 0
20 -25 -13 0
40 60 34 0
-99 97 -49 0
-72 19 15 0
49 15 -64 0
54 31 -96 0
69 -85 -114 0
-25 -96 42 0
116 53 -58 0
42 -95 -107 0
7 -97 110 0
71 -80 -57 0
17 37 65 0
-9 -62 65 0
112 81 -34 0
108 -99 68 0
-29 17 -30 0
52 -17 -30 0
45 -12 91 0
-81 -46 39 0
-100 103 -43 0
11 37 -74 0
49 109 21 0
45 -72 20 0
96 49 -12 0
-107 -94 -12 0
-92 -44 -19 0
100 88 112 0
-104 91 -61 0
-93 30 44 0
87 106 84 0
-106 21 -115 0
-85 -101 104 0
-72 12 77 0
-16 105 13 0
-57 -93 -114 0
-11 25 -76 0
33 56 77 0
-104 -110 54 0
-59 91 105 0
54 74 -59 0
66 30 -92 0
100 -1 -8 0
51 89 -98 0
-90 -75 -62 0
34 84 -13 0
-38 -74 31 0
-36 -33 -21 0
105 23 103 0
-78 -19 -115 0
-83 -75 -7 0
43 20 -95 0
-17 -43 -38 0
-82 -14 -78 0
-88 51 -59 0
66 65 -50 0
82 -99 71 0
-30 -75 -9 0
-7 -5 57 0
-120 -109 2 0
95 51 62 0
-94 55 -3 0
17 -92 -87 0
-75 -61 -98 0
-33 13 27 0
-51 -56 24 0
64 19 -61 0
3 36 -40 0
58 80 -57 0
90 112 52 0
17 45 -52 0
53 52 93 0
-45 92 -73 0
-59 37 116 0
27 117 -51 0
-7 -76 49 0
-75 40 -23 0
-62 52 61 0
-102 54 -39 0
102 -110 -75 0
-18 99 107 0
92 -120 59 0
-22 -73 -8 0
53 115 118 0
-19 83 -69 0
40 -102 -50 0
-29 -21 -24 0
-41 -63 95 0
117 51 -41 0
8 99 79 0
38 -100 -86 0
-68 80 106 0
7 86 -109 0
-108 -70 116 0
-107 1 2 0
84 115 78 0
-2 34 -103 0
104 -34 93 0
-88 -13 -51 0
19 3 114 0
-82 35 -11 0
-19 1 -86 0
62 84 10 0
-109 8 118 0
-1 78 -19 0
119 -11 39 0
-9 26 100 0
103 -51 8 0
-114 -21 109 0
-50 18 -112 0
70 120 7 0
102 87 23 0
109 -92 64 0
83 87 58 0
104 63 -114 0
14 -21 16 0
43 42 -115 0
-60 53 5 0
-9 45 53 0
-41 72 -22 0
-14 1 -39 0
-60 -4 83 0
-29 -76 44 0
-61 -31 11 0
70 103 18 0
-78 30 -48 0
77 -14 -72 0
-61 -109 -45 0
-80 75 -81 0
64 -120 50 0
42 -32 -77 0
4 -58 97 0
-104 -93 -37 0
115 -113 97 0
26 94 71 0
-33 -23 -47 0
7 -116 -50 0
57 2 -116 0
-38 -26 51 0
-87 -34 84 0
-84 -88 -36 0
-68 -48 -105 0
36 -10 63 0
66 -99 114 0
85 88 -21 0
94 -30 73 0
58 -106 83 0
74 -116 18 0
-71 -21 46 0
77 -87 -112 0
78 74 -9 0
-36 -45 -43 0
-88 -117 70 0
4 -90 -69 0
22 9 -45 0
-78 -76 93 0
-48 13 6 0
92 42 -47 0
86 -115 57 0
54 71 -50 0
53 -109 -30 0
75 -65 42 0
-14 42 76 0
-30 -1 -80 0
-78 120 -58 0
7 -48 101 0
-51 27 -14 0
-65 64 57 0
58 -52 93 0
-92 -16 62 0
-11 -47 46 0
-8 -74 -83 0
85 -89 -118 0
-38 103 -89 0
-93 -117 -22 0
-45 109 -75 0
-111 -114 -99 0
-7 95 82 0
-120 11 80 0
58 -31 -24 0
-104 -76 -31 0
-118 103 61 0
58 7 41 0
-108 79 -15 0
-89 -74 117 0
42 -28 -56 0
19 63 -35 0
66 -61 108 0
-24 -14 -85 0
-4 91 35 0
29 51 -66 0
-106 -30 77 0
-35 19 -79 0
61 -94 -76 0
-93 87 19 0
21 77 94 0
-48 -98 104 0
-12 -60 97 0
-37 112 -102 0
51 -17 120 0
10 65 -83 0
-92 101 79 0
-114 86 -1 0
-63 91 -22 0
-120 -10 -73 0
26 -21 -39 0
-120 -98 -70 0
-48 -26 109 0
-66 38 -97 0
92 -115 96 0
109 28 -83 0
-105 -60 -45 0
9 -56 104 0
-44 -87 -69 0
4 -22 -12 0
64 102 2 0
-21 -17 -51 0
72 33 -77 0
-43 49 66 0
-55 29 67 0
57 -33 -85 0
-101 115 48 0
50 87 -118 0
-89 36 -25 0
119 -41 20 0
51 -101 114 0
100 -41 -75 0
-2 -70 77 0
-4 92 46 0
-3 -59 63 0
-14 34 -60 0
42 96 -117 0
-41 -45 -78 0
41 38 -103 0
112 119 -20 0
8 37 10 0
-43 119 -12 0
60 -104 -25 0
-105 -118 -61 0
96 -85 -102 0
-18 8 5 0
22 59 -56 0
-6 105 -91 0
-35 51 -80 0
4 43 21 0
-64 -108 -84 0
-72 -22 117 0
72 64 96 0
-42 -92 -25 0
82 97 -109 0
3 -27 -107 0
-93 87 -61 0
-63 -70 -52 0
23 38 -56 0
-36 -90 -117 0
-9 -2 101 0
-16 -38 51 0
-42 94 102 0
19 -102 -109 0
109 -38 28 0
20 -18 62 0
-113 55 -35 0
-112 -82 50 0
-101 -51 -115 0
-111 -47 -54 0
-46 101 86 0
-53 -95 91 0
76 -77 -46 0
-85 58 100 0
-30 -27 110 0
-22 17 98 0
-36 -43 -8 0
11 -87 105 0
-76 22 67 0
-49 83 53 0
-19 -99 68 0
-112 -89 -105 0
-38 43 -65 0
120 87 17 0
-14 10 12 0
-40 -119 -48 0
77 42 64 0
-5 47 69 0
-88 32 -98 0
114 -66 -45 0
1 -110 97 0
-79 89 -70 0
-120 102 -3 0
103 -11 61 0
-79 -22 7 0
-15 -4 -2 0
-51 -107 75 0
-109 -82 -104 0
-12 -37 92 0
-2 7 67 0
-81 5 -77 0
-55 69 2 0
-81 -34 64 0
-75 -18 113 0
90 114 93 0
65 -115 -114 0
-74 -52 105 0
59 -28 -29 0
81 104 55 0
77 -115 -120 0
-52 -5 -75 0
-21 101 7 0
-19 43 -36 0
1 29 -87 0
64 99 97 0
-18 -26 -66 0
-11 -120 30 0
-60 62 86 0
-37 -78 -62 0
-20 70 -47 0
-80 -66 77 0
76 88 -54 0
-65 38 79 0
96 -81 45 0
-80 -2 54 0
75 104 -109 0
22 -3 56 0
-68 7 -119 0
-41 -74 30 0
44 -80 -19 0
-10 112 3 0
-34 -38 61 0
-104 -6 73 0
-96 102 69 0
7 -88 -47 0
-94 120 69 0
-104 52 117 0
-106 -111 66 0
115 47 -89 0
98 82 -45 0
-43 -56 86 0
36 99 81 0
70 50 -49 0
-114 36 -2 0
10 -75 29 0
91 8 -97 0
14 25 -83 0
-70 36 -84 0
-115 -103 -101 0
-10 67 73 0
75 30 45 0
-47 -2 -42 0
41 101 -102 0
-23 -13 110 0
-101 96 67 0
-6 -75 104 0
24 -48 -77 0
86 64 -45 0
79 14 114 0
55 -86 -51 0
99 -63 47 0
20 -101 17 0
114 4 61 0
52 53 101 0
-55 -29 -1 0
120 14 87 0
-3 -112 7 0
-36 -4 43 0
-79 -82 30 0
48 -82 87 0
-19 -52 20 0
-76 115 117 0
58 -105 -63 0
117 112 16 0
117 88 -3 0
-31 -3 -38 0
91 45 52 0
70 57 -34 0
64 115 93 0
-67 65 -46 0
71 -80 21 0
95 94 59 0
36 -117 -45 0
74 -53 -34 0
70 -113 -117 0
-72 97 -12 0
12 -91 109 0
113 -29 -115 0
12 -53 -119 0
-80 -50 -81 0
-85 105 48 0
-41 93 28 0
39 -96 9 0
-12 -21 -75 0
-13 -87 -89 0
-100 56 -105 0
63 25 35 0
-100 -64 4 0
-29 76 62 0
-60 48 8 0
-58 61 54 0
87 -62 7 0
-35 -33 -44 0
33 -35 -113 0
10 -43 70 0
-72 21 -103 0
-49 54 -44 0
