p cnf 120 480
-42 -78 96 0
-116 -18 -64 0
98 60 70 0
40 -92 -96 0
-102 106 -88 0
85 -120 47 0
96 109 8 0
89 77 -115 0
-20 32 -5 0
-73 107 -83 0
-11 -51 87 0
118 50 -20 0
-75 -114 5 0
-92 -68 -17 0
-78 58 52 0
26 6 -17 0
58 21 -107 0
-52 116 -44 0
-9 -2 113 0
22 -57 -112 0
47 93 -50 0
-41 58 31 0
-55 96 119 0
-100 -37 89 0
36 16 17 0
15 44 67 0
-56 14 -18 0
11 -36 75 0
-6 -118 -75 0
-115 32 -49 0
-43 117 -90 0
20 31 23 0
-119 10 -45 0
-70 79 101 0
-83 88 -73 0
-8 106 109 0
-82 -76 87 0
90 -89 -54 0
87 55 -48 0
-109 -111 72 0
85 62 -44 0
33 -21 91 0
94 -25 -74 0
-64 -83 58 0
86 -83 -58 0
-70 -80 -81 0
114 95 -48 0
43 -70 90 0
-114 75 -107 0
-112 -56 -48 0
6 74 71 0
-17 86 92 0
66 94 17 0
79 -90 94 0
10 -100 23 0
2 120 -9 0
62 -72 54 0
-53 -59 36 0
-39 -30 -108 0
-96 -7 92 0
-118 30 65 0
-42 -100 -36 0
-53 111 100 0
95 -101 82 0
65 -10 99 0
47 -99 26 0
2 29 26 0
-32 -36 -110 0
-44 95 -116 0
115 -39 -114 0
114 -35 74 0
-22 3 -80 0
78 -85 7 0
8 62 39 0
8 -32 88 0
-112 -75 -66 0
-66 -102 79 0
-58 5 -86 0
23 76 79 0
-14 -105 9 0
83 49 81 0
-49 46 -41 0
104 8 -55 0
-70 -37 -18 0
31 66 -93 0
101 -92 -34 0
63 -7 54 0
89 38 -37 0
45 81 -43 0
114 43 -83 0
51 74 33 0
-43 -107 28 0
105 23 -66 0
81 -30 55 0
12 -41 -116 0
27 -46 69 0
98 -102 -91 0
-54 -99 -67 0
10 109 -93 0
42 36 98 0
111 1 113 0
42 -73 24 0
-23 15 19 0
53 70 -51 0
-34 92 61 0
-118 -84 54 0
68 113 9 0
58 -65 -2 0
-69 78 115 0
-8 14 87 0
47 -49 -26 0
109 -56 -50 0
-92 68 -117 0
1 113 -19 0
-58 29 -90 0
-48 -69 81 0
-59 57 9 0
-37 15 89 0
97 24 -106 0
100 47 -69 0
11 -114 -15 0
-30 34 97 0
-105 65 -31 0
-24 -106 97 0
12 108 -46 0
72 -10 -31 0
99 68 38 0
-8 -46 -92 0
-43 -20 51 0
117 -13 -21 0
-115 5 43 0
-95 -22 3 0
75 -38 -62 0
93 -69 113 0
-66 33 -58 0
-24 1 45 0
57 -103 47 0
9 -88 72 0
-95 -108 -102 0
-55 -45 118 0
-8 -98 -68 0
-112 -118 117 0
-71 67 -104 0
93 76 -71 0
-38 13 32 0
58 65 -70 0
-105 -21 -9 0
-86 -37 6 0
99 22 -38 0
109 -79 -87 0
107 78 40 0
-107 15 -111 0
54 -86 -92 0
-72 -46 -98 0
63 65 -43 0
-81 59 120 0
-72 100 -46 0
-1 -29 92 0
-40 17 -52 0
-3 103 57 0
-60 79 -7 0
-73 -30 103 0
108 -88 105 0
63 -19 -99 0
78 57 94 0
-79 -17 116 0
-36 106 32 0
45 -114 -72 0
12 -109 -91 0
9 62 -65 0
21 -113 -38 0
60 59 103 0
-13 12 115 0
53 -47 58 0
9 23 71 0
-51 54 -44 0
-30 67 80 0
73 -68 -50 0
-81 45 80 0
3 -96 15 0
-38 30 -79 0
-39 -30 -83 0
117 78 -110 0
71 51 34 0
76 -89 -15 0
4 -57 106 0
-39 -34 -60 0
89 83 -40 0
40 52 106 0
-61 67 -15 0
31 39 -112 0
103 73 -71 0
29 -77 62 0
-23 96 91 0
60 -31 -98 0
51 93 -107 0
60 -116 86 0
-9 36 87 0
-77 101 113 0
67 -75 115 0
-98 -33 117 0
-8 98 101 0
34 -89 -69 0
-52 -116 93 0
52 76 -119 0
-95 93 63 0
85 17 -66 0
105 39 80 0
-95 -70 -113 0
33 101 116 0
36 1 71 0
-109 12 -107 0
120 -44 -46 0
71 111 24 0
-10 -47 62 0
91 -63 22 0
58 -13 39 0
60 37 -20 0
-79 -84 97 0
-30 80 -55 0
33 -3 -37 0
-6 -9 115 0
-2 117 -58 0
-82 -89 32 0
32 104 94 0
-117 -46 7 0
14 -109 7 0
-83 9 -98 0
-98 -115 106 0
-51 -33 -45 0
-21 31 -3 0
53 5 -105 0
112 92 -107 0
-84 -94 -105 0
-7 -88 -103 0
28 -88 -85 0
-49 -12 92 0
-14 -38 -42 0
33 40 43 0
-105 -13 -120 0
-5 -94 -109 0
92 100 43 0
-31 -89 -30 0
-5 -100 93 0
115 26 64 0
75 -88 107 0
-73 -109 -59 0
102 79 18 0
-27 52 -83 0
-69 24 -111 0
-13 -75 -7 0
-90 -65 24 0
-96 -22 -52 0
13 71 6 0
32 8 64 0
-93 -25 -104 0
95 82 15 0
100 13 -114 0
-103 -66 -105 0
-55 28 111 0
38 2 -20 0
-75 -109 -110 0
-106 6 79 0
-62 58 -113 0
-56 12 111 0
-78 -2 -19 0
87 -96 -78 0
65 -60 72 0
53 -58 -61 0
25 -35 117 0
120 88 -6 0
96 21 -55 0
-14 26 -34 0
94 -80 10 0
-67 -73 -118 0
53 47 -115 0
-59 -115 119 0
-44 -102 -69 0
85 15 -105 0
-101 117 -113 0
-93 -36 73 0
25 13 75 0
-105 22 48 0
87 3 -18 0
-87 -49 54 0
-49 -88 69 0
-61 -86 -60 0
64 72 102 0
-17 116 99 0
-24 77 -49 0
-2 -62 -86 0
-108 70 -49 0
92 49 78 0
-21 -80 -68 0
18 -51 98 0
10 -35 71 0
100 98 90 0
-46 101 -28 0
51 118 98 0
29 75 -46 0
-119 53 -16 0
53 66 -83 0
-44 -36 65 0
-94 32 13 0
-46 -1 -52 0
-24 113 -1 0
119 71 70 0
-83 97 29 0
-113 -89 -50 0
9 116 97 0
46 10 81 0
-34 -65 -13 0
37 -10 14 0
85 -101 87 0
-95 -43 -42 0
64 83 54 0
39 -112 31 0
-9 86 -19 0
73 -44 93 0
-35 -43 -104 0
70 118 -85 0
51 -115 -85 0
73 -89 62 0
76 71 103 0
54 -29 61 0
-54 90 -16 0
16 115 -72 0
-32 102 9 0
88 99 -59 0
-16 106 -96 0
16 -112 8 0
3 109 93 0
-35 -46 -90 0
106 2 108 0
-102 -1 -54 0
-120 59 -60 0
66 -88 92 0
69 101 12 0
10 15 102 0
-120 39 -43 0
-111 -120 -104 0
92 79 -12 0
64 -9 3 0
22 -101 -80 0
1 -102 114 0
91 89 5 0
-114 -108 -5 0
-38 4 19 0
40 -84 -59 0
38 -8 15 0
120 19 53 0
-75 5 54 0
-94 98 70 0
-72 57 74 0
49 42 74 0
110 -65 73 0
97 115 107 0
-34 -119 11 0
-42 -36 -96 0
-115 -105 -103 0
94 -2 69 0
-30 102 -47 0
14 41 -35 0
-56 -5 -24 0
-31 3 94 0
-15 74 -48 0
13 61 -8 0
-43 -55 -2 0
-95 102 107 0
-5 23 -7 0
-10 93 -72 0
-64 46 -29 0
70 -10 -12 0
120 -117 -90 0
-62 32 101 0
-91 55 52 0
-97 70 101 0
-34 89 -12 0
10 -47 65 0
31 -3 113 0
-101 66 -12 0
-20 67 -21 0
-85 -13 102 0
89 92 5 0
-120 -20 40 0
22 -3 -77 0
88 3 54 0
-25 -61 -31 0
-66 -89 82 0
102 -31 41 0
28 -27 -53 0
21 -80 -54 0
-15 55 78 0
-56 -75 -4 0
-57 -21 85 0
52 65 -49 0
92 -71 98 0
43 -31 57 0
-91 94 -11 0
-60 -113 -27 0
-101 -3 45 0
-63 -104 -87 0
30 -109 -48 0
-17 -92 9 0
-103 95 69 0
-95 34 -52 0
-56 -118 120 0
-107 66 -44 0
-68 -109 -21 0
117 84 79 0
-52 -108 30 0
-114 -98 -110 0
103 118 26 0
64 -42 36 0
5 -24 -82 0
-113 -92 -75 0
108 96 -44 0
-95 23 53 0
109 60 -90 0
70 -99 -92 0
-33 9 -29 0
-4 12 -118 0
-61 -92 63 0
38 -18 -63 0
-34 66 -4 0
-55 -52 -108 0
-57 80 -75 0
-35 -96 -74 0
-39 -101 4 0
61 104 71 0
-58 63 25 0
-65 -98 -72 0
1 85 29 0
-57 -27 52 0
-67 -23 -42 0
-118 110 -63 0
-111 -67 103 0
-50 -78 -52 0
92 16 -68 0
-62 50 107 0
64 -84 -80 0
97 26 30 0
71 31 -78 0
106 6 -72 0
114 -40 -13 0
98 44 -10 0
57 103 -21 0
84 15 -44 0
69 108 2 0
64 -98 15 0
-67 -89 -90 0
111 17 38 0
-42 -83 23 0
-71 55 -116 0
-17 26 -22 0
17 -89 -65 0
-57 90 79 0
113 83 34 0
48 -37 62 0
-55 76 18 0
117 90 99 0
102 74 95 0
6 -88 -15 0
-59 47 33 0
-72 62 54 0
-113 71 60 0
-112 -76 -4 0
-89 68 -31 0
20 108 -77 0
106 58 38 0
53 66 120 0
-69 -27 67 0
-59 -22 87 0
3 -87 91 0
55 -103 -79 0
-54 2 30 0
17 71 -111 0
-89 103 -119 0
-4 11 -10 0
-20 68 -87 0
