p cnf 150 600
5 133 138 0
-43 42 121 0
-108 -5 -137 0
45 -26 113 0
17 -126 -88 0
4 90 -126 0
83 -96 81 0
-84 61 -108 0
5 -10 -147 0
91 -10 -146 0
-39 81 -148 0
23 39 87 0
80 95 -44 0
132 -110 -37 0
-81 -72 -73 0
6 136 41 0
-37 -104 4 0
-77 -23 22 0
13 -93 128 0
-115 -1 -96 0
94 -80 114 0
-145 65 -128 0
-58 -115 -91 0
115 124 -21 0
80 -27 17 0
-8 51 -128 0
138 -139 95 0
83 -24 -91 0
26 -29 -150 0
97 148 32 0
25 -119 50 0
120 -60 19 0
139 92 -144 0
20 -24 -3 0
74 42 112 0
94 -107 -52 0
137 -64 -145 0
135 131 113 0
-123 -128 84 0
96 -139 7 0
-71 135 -75 0
-115 143 13 0
97 120 5 0
-126 -5 50 0
1 120 113 0
-24 -66 -83 0
-54 139 -15 0
46 -74 -82 0
34 -144 -117 0
-115 89 -53 0
-18 123 -15 0
23 146 -85 0
-71 -125 79 0
-96 -89 -63 0
64 -123 -84 0
-144 -19 129 0
126 -48 146 0
-52 -4 43 0
-30 -61 43 0
-135 123 80 0
-26 125 -104 0
-49 126 83 0
94 31 38 0
-28 66 119 0
-119 148 10 0
-80 -147 69 0
-2 60 -126 0
9 -115 50 0
-35 -2 23 0
90 -59 -80 0
-7 114 99 0
23 75 -12 0
45 -120 81 0
48 42 126 0
-22 14 -117 0
-85 -10 1 0
30 -72 -51 0
122 75 42 0
-140 76 125 0
63 -29 -43 0
-76 36 17 0
-47 9 149 0
-70 -90 66 0
-53 79 56 0
-50 -13 37 0
2 135 44 0
99 126 -132 0
109 34 121 0
-120 116 74 0
-7 -63 -20 0
92 139 71 0
-146 84 -125 0
-99 -135 20 0
87 -21 67 0
29 123 97 0
-106 88 -123 0
19 -50 79 0
-140 -122 108 0
-21 10 95 0
150 -22 -111 0
5 -41 81 0
126 150 29 0
-99 22 148 0
-53 128 -52 0
-66 -81 112 0
147 150 78 0
16 -40 -21 0
63 119 -57 0
51 -106 -3 0
-86 93 -89 0
-40 106 82 0
120 -56 16 0
-126 -28 -76 0
38 125 -129 0
95 71 -145 0
-30 109 137 0
-55 -145 -135 0
-75 -92 97 0
102 67 134 0
-17 -26 -114 0
76 4 -120 0
-111 137 -90 0
6 -112 -11 0
51 -143 3 0
39 74 138 0
-66 -31 -133 0
70 125 92 0
93 -72 -8 0
-95 99 135 0
46 14 -109 0
-30 138 -119 0
54 -68 114 0
-74 -99 -13 0
-13 17 -5 0
-33 -79 -64 0
-17 110 61 0
-79 -122 65 0
-148 42 53 0
-113 120 -69 0
-105 21 68 0
-62 -40 1 0
70 -19 -47 0
16 58 77 0
-96 -68 -41 0
18 60 -110 0
-76 -117 131 0
128 140 51 0
114 -70 -50 0
55 89 49 0
102 36 -2 0
24 -19 -118 0
-138 128 -31 0
-50 -143 30 0
20 -28 -32 0
-25 98 121 0
-84 -39 -14 0
-97 55 86 0
-14 -77 -113 0
-107 64 13 0
-117 -29 -95 0
36 58 48 0
11 -132 -23 0
133 -139 -24 0
-10 101 123 0
118 36 -139 0
-8 82 42 0
-57 -105 128 0
-36 -75 -131 0
-115 120 45 0
-59 -31 40 0
-146 18 -96 0
-11 -149 122 0
-136 -143 11 0
-72 11 54 0
132 -89 28 0
-54 -7 -131 0
104 98 92 0
-16 -63 21 0
101 -118 -46 0
-59 -18 66 0
81 87 116 0
-84 -23 -39 0
74 63 44 0
81 -26 99 0
-47 -48 3 0
-115 114 103 0
-3 -16 82 0
-99 41 26 0
46 -113 33 0
-24 147 20 0
75 77 10 0
-39 -66 -69 0
-2 -51 -71 0
59 -99 -89 0
49 150 -3 0
-150 98 128 0
108 -119 -58 0
107 -148 118 0
7 139 -90 0
28 24 -47 0
88 14 -68 0
52 -101 -89 0
60 -104 127 0
-116 -23 -97 0
5 47 99 0
-94 88 1 0
-43 33 -115 0
-85 -101 131 0
128 -18 -2 0
79 -31 -109 0
67 49 -22 0
70 -115 116 0
-86 -60 78 0
144 -3 18 0
-23 -22 83 0
11 64 -61 0
-134 -56 112 0
125 64 -146 0
-97 -109 -118 0
82 148 131 0
63 28 -71 0
-77 15 70 0
-98 148 58 0
44 -100 102 0
-60 108 -63 0
98 35 -1 0
85 107 146 0
78 -44 -61 0
92 125 -121 0
-22 -110 119 0
-136 -100 90 0
31 -94 -112 0
103 -72 -1 0
-85 -44 118 0
-17 -61 -26 0
123 142 -73 0
55 138 63 0
121 -139 56 0
67 -136 132 0
-24 -144 -101 0
7 -92 -101 0
-4 -134 31 0
89 128 39 0
79 -21 -30 0
-47 22 -98 0
-74 104 78 0
-91 -38 59 0
-105 23 -48 0
-80 24 -27 0
41 -110 -3 0
-28 -37 -88 0
-33 -7 115 0
-96 -13 11 0
132 36 61 0
68 -148 31 0
-149 -135 -122 0
1 -96 -98 0
3 -119 -126 0
100 13 34 0
-111 117 -104 0
-136 -24 101 0
-64 -97 15 0
8 -1 -124 0
-50 76 -115 0
10 -32 -85 0
-92 23 -117 0
148 28 112 0
131 142 41 0
144 -10 75 0
57 22 -117 0
114 -54 -43 0
30 -125 -90 0
65 143 111 0
-115 -67 -33 0
-95 62 49 0
42 -9 -114 0
-50 -14 -24 0
82 115 134 0
-5 -105 75 0
115 -127 -79 0
-5 114 37 0
-134 22 -28 0
18 -3 -66 0
-58 -124 -99 0
45 -30 86 0
-67 -95 150 0
-34 -147 59 0
62 -150 83 0
84 85 -8 0
117 89 -107 0
-20 -36 128 0
114 -67 36 0
69 -122 -36 0
9 94 -133 0
-25 84 -117 0
5 98 16 0
-138 102 -115 0
-41 139 51 0
-45 10 -59 0
98 -27 77 0
-127 90 8 0
-145 -125 113 0
30 -48 -101 0
-58 -125 113 0
53 134 -115 0
136 -79 102 0
85 -144 103 0
35 -76 -93 0
38 -93 25 0
-146 22 -18 0
52 18 140 0
139 -49 -115 0
112 -124 82 0
142 75 -131 0
-107 -12 126 0
-62 -35 66 0
31 74 -32 0
70 -29 83 0
-40 136 18 0
-17 108 -16 0
43 -19 -13 0
121 -133 -145 0
22 37 -98 0
110 29 -121 0
-33 25 12 0
-101 -53 116 0
-62 -144 -129 0
33 -71 96 0
118 124 136 0
100 77 103 0
80 44 65 0
-19 5 -77 0
-136 -73 49 0
123 -120 -150 0
-22 -1 47 0
-109 21 -23 0
-104 121 78 0
-45 41 -5 0
-89 -33 104 0
-98 144 97 0
-128 97 23 0
143 13 15 0
-63 24 -30 0
-12 147 144 0
-65 -66 38 0
-23 17 -6 0
-4 20 30 0
93 -35 119 0
-50 -134 125 0
-11 -67 -70 0
54 104 58 0
-47 -111 119 0
-142 -145 2 0
-25 -34 -42 0
143 86 -20 0
-143 94 139 0
-126 -79 -44 0
-125 -142 -3 0
-40 20 38 0
45 -112 9 0
124 77 -58 0
-58 22 144 0
96 -31 115 0
-143 -33 -19 0
-137 45 103 0
31 33 -150 0
-80 -19 -115 0
-136 -65 73 0
83 87 -4 0
-52 -9 147 0
-55 63 -50 0
94 -4 41 0
2 -106 -47 0
-16 36 92 0
150 20 76 0
145 25 96 0
-88 -60 9 0
-50 -73 143 0
98 -4 87 0
-40 -70 -31 0
98 32 -65 0
-124 -26 -97 0
-81 -118 -93 0
42 -34 127 0
89 -131 -48 0
-32 -53 98 0
-82 -138 -79 0
-147 39 -113 0
106 64 -84 0
76 108 -85 0
-17 131 -83 0
79 124 80 0
115 -28 -90 0
-101 -4 65 0
-4 127 -116 0
62 45 -99 0
70 -95 -89 0
-1 -19 116 0
25 36 149 0
35 136 131 0
112 4 -41 0
145 67 -133 0
90 145 -113 0
-106 122 81 0
-5 25 -54 0
-95 -70 57 0
128 -28 79 0
103 -31 -57 0
96 -6 -95 0
41 97 -99 0
135 -1 -36 0
73 92 -150 0
41 106 -45 0
41 -141 -90 0
-120 -32 103 0
1 60 -14 0
-112 92 -44 0
-28 -146 8 0
-140 -118 138 0
92 -5 100 0
129 75 80 0
34 78 -53 0
-72 -142 -90 0
-58 54 33 0
132 -54 -85 0
-93 134 -121 0
-24 22 -39 0
-14 -142 -17 0
111 -32 118 0
-58 141 -73 0
-65 30 52 0
88 -21 28 0
-85 60 -78 0
-8 47 109 0
48 135 142 0
-77 -79 -5 0
118 -3 -52 0
-125 64 -10 0
-28 -79 24 0
-86 120 -28 0
100 27 -85 0
-5 -141 -24 0
10 2 -147 0
150 81 30 0
34 -72 -97 0
-111 91 -48 0
88 -127 -68 0
-44 116 -19 0
-66 -74 106 0
-98 -9 -2 0
-117 42 133 0
60 143 13 0
134 7 139 0
-61 -45 68 0
-111 -3 51 0
149 101 -64 0
-53 -146 -145 0
-105 59 -76 0
-85 -139 -67 0
54 -16 -50 0
67 48 140 0
110 95 144 0
36 -95 -66 0
48 6 -32 0
115 -12 -46 0
115 -46 63 0
138 -14 -98 0
55 65 67 0
-34 -75 95 0
35 89 30 0
-20 28 -61 0
75 100 -51 0
-58 88 -127 0
-92 -79 -148 0
142 -133 -77 0
27 79 142 0
-93 107 71 0
5 92 45 0
-99 28 -32 0
-34 -56 -35 0
41 34 -75 0
-72 -94 126 0
62 -105 -51 0
-143 41 -20 0
71 -41 73 0
-74 41 -58 0
110 22 -111 0
-125 10 96 0
-142 97 -52 0
-83 67 115 0
-25 -31 115 0
92 26 -3 0
137 97 -133 0
-68 -138 -97 0
-7 -125 83 0
87 -59 -18 0
94 4 33 0
-11 -45 74 0
15 -56 2 0
90 127 -16 0
30 -117 58 0
41 -22 44 0
150 -69 -56 0
126 145 -84 0
-52 51 -60 0
45 -6 141 0
103 129 -79 0
85 -33 107 0
-13 125 -140 0
43 -117 42 0
-113 -55 148 0
-22 -135 146 0
45 -61 82 0
22 -31 -58 0
135 -62 146 0
-6 42 22 0
3 39 94 0
-71 -42 -68 0
-107 -43 114 0
59 -57 45 0
74 -150 18 0
65 -32 91 0
-48 -135 -19 0
-4 70 -89 0
16 136 131 0
-67 47 -108 0
135 37 -148 0
-90 -19 80 0
83 144 127 0
114 -93 -56 0
-49 -66 26 0
94 93 -122 0
19 -147 139 0
-127 -21 -23 0
94 70 -118 0
-13 28 25 0
-51 -81 -28 0
-94 -141 47 0
24 -133 -105 0
-68 34 -93 0
-74 -131 -106 0
-9 -131 53 0
-131 -148 14 0
113 -39 90 0
-96 -59 -66 0
79 74 -50 0
-6 -40 -9 0
-100 -146 -137 0
74 2 77 0
103 -36 -1 0
135 -35 104 0
143 147 -93 0
51 75 -138 0
-133 -138 107 0
57 86 -138 0
145 118 112 0
-96 119 54 0
31 -97 120 0
-11 -127 110 0
-103 84 16 0
-24 14 145 0
-146 3 -42 0
-83 49 -149 0
73 -49 90 0
-15 103 11 0
-111 11 66 0
43 -85 -82 0
-9 85 27 0
-57 45 -62 0
112 79 36 0
-26 35 78 0
-132 40 78 0
83 149 127 0
-56 -121 -112 0
-126 101 -147 0
112 98 -76 0
107 -80 -1 0
68 -63 33 0
-119 138 101 0
58 140 -41 0
79 -80 -132 0
41 -107 146 0
113 129 143 0
2 143 -78 0
-80 137 -10 0
-139 -142 2 0
-4 14 3 0
-143 93 23 0
-80 44 91 0
115 138 17 0
111 -25 -123 0
-33 73 -118 0
-78 -27 26 0
-62 82 -115 0
-3 -89 -144 0
-150 -44 121 0
68 -32 109 0
1 -60 -66 0
-4 -90 -118 0
136 126 -53 0
