p cnf 200 800
-72 -19 -166 0
-91 115 95 0
-84 26 117 0
-115 196 105 0
23 -108 54 0
179 -116 -112 0
-11 26 75 0
84 -1 11 0
-127 158 73 0
-156 67 -154 0
86 132 3 0
-145 94 108 0
-79 150 76 0
-18 38 43 0
-85 60 -17 0
-168 182 173 0
-7 -141 -111 0
-151 88 51 0
-7 -126 -8 0
90 171 -88 0
-61 -33 9 0
-135 -29 78 0
-149 10 110 0
184 104 86 0
-181 -132 4 0
131 24 -59 0
133 -28 187 0
123 -195 -109 0
95 -156 76 0
-83 -182 -38 0
-16 84 38 0
66 -22 -130 0
16 -14 -58 0
-194 -34 47 0
151 -125 82 0
-22 -117 8 0
-158 4 25 0
-167 89 -124 0
-186 -5 50 0
22 90 109 0
38 126 -70 0
110 -113 127 0
-11 85 -19 0
-31 60 -20 0
191 71 179 0
-58 -23 125 0
-95 46 42 0
25 55 -165 0
176 51 -163 0
43 142 -29 0
36 -156 123 0
103 62 -158 0
-3 58 186 0
152 112 -102 0
-57 126 -135 0
95 -3 -181 0
74 171 39 0
186 -111 -101 0
-133 112 24 0
-78 15 155 0
172 125 189 0
-39 139 -193 0
-31 119 113 0
15 151 126 0
-123 -181 191 0
148 -140 -174 0
-136 95 -131 0
128 -154 -163 0
-178 170 134 0
164 106 -190 0
-13 63 -173 0
-78 157 -192 0
-64 -115 -144 0
59 -111 28 0
-68 -82 168 0
36 45 -178 0
192 110 -73 0
67 -195 65 0
139 -177 126 0
182 -10 -45 0
164 1 78 0
181 101 -54 0
8 -122 -5 0
49 7 24 0
111 105 -84 0
123 186 -81 0
174 197 -92 0
56 7 -45 0
136 138 154 0
-78 -135 -21 0
-34 -187 -6 0
164 25 -161 0
116 -114 133 0
-4 -158 -47 0
-19 -164 -55 0
150 -41 -88 0
45 -8 58 0
164 -155 69 0
-119 107 88 0
28 -120 149 0
161 147 -14 0
14 -31 -147 0
45 -63 -179 0
-187 -175 -147 0
-197 -114 82 0
-169 153 -122 0
23 -4 -2 0
51 149 -185 0
141 63 -162 0
-156 -140 -110 0
-180 -134 -150 0
-159 119 199 0
12 36 -56 0
125 181 -17 0
158 137 -117 0
59 26 -34 0
-103 189 45 0
176 188 200 0
84 -142 -171 0
-2 62 -180 0
144 -45 79 0
-142 122 -168 0
-154 -108 -93 0
-64 -59 -42 0
137 -96 -100 0
-144 176 -107 0
160 65 30 0
42 191 -130 0
70 -173 19 0
26 31 174 0
155 -76 20 0
-147 62 -183 0
175 112 138 0
67 -175 168 0
-90 41 9 0
-29 168 -52 0
-49 133 115 0
46 119 71 0
164 -2 177 0
172 -64 -72 0
-64 129 -12 0
-19 69 136 0
180 -12 136 0
33 -179 42 0
-1 -95 30 0
157 68 136 0
-139 -116 153 0
-159 -109 -160 0
29 -64 80 0
102 88 -158 0
52 -27 6 0
150 -43 -55 0
97 -57 149 0
-34 198 -187 0
-79 -51 112 0
-4 -66 -163 0
115 159 19 0
151 -169 -63 0
-135 40 -177 0
126 -10 -2 0
115 -129 175 0
-180 107 -103 0
115 113 117 0
36 -65 87 0
-68 121 122 0
82 97 -132 0
55 -113 166 0
-199 -43 -135 0
156 -38 -155 0
-66 -110 -179 0
-148 -153 29 0
-8 -193 -167 0
53 -3 -28 0
75 -127 48 0
30 -139 -156 0
8 -181 -107 0
-34 3 23 0
-88 -164 17 0
-64 -31 -161 0
-20 -111 -195 0
-61 50 -172 0
-146 -189 95 0
32 120 -179 0
159 -200 113 0
-115 54 -60 0
-144 14 22 0
-155 132 112 0
-176 -137 26 0
4 190 -147 0
181 -75 89 0
116 66 112 0
144 -125 -67 0
198 83 -148 0
-192 -22 38 0
39 -122 -167 0
-1 47 113 0
-52 -139 47 0
-6 -38 -58 0
-106 13 -54 0
-60 -25 118 0
-128 -151 195 0
-175 -62 86 0
-44 -30 6 0
-90 148 39 0
43 -72 5 0
-92 -30 -94 0
-158 52 -54 0
98 -121 -28 0
-153 -13 71 0
76 56 60 0
186 123 -142 0
140 13 19 0
-91 129 40 0
-76 37 -163 0
-52 -50 117 0
2 -61 -15 0
45 37 116 0
128 -132 -28 0
-136 63 -138 0
-20 -72 113 0
-9 195 -87 0
-74 -44 -154 0
84 99 -199 0
-160 -143 -24 0
53 73 183 0
-91 -147 167 0
-167 -63 152 0
-172 47 108 0
-18 8 -153 0
17 170 -61 0
-187 -88 10 0
-21 -126 85 0
-144 113 -8 0
18 106 52 0
57 -98 -175 0
-91 -58 -65 0
-129 -20 -166 0
-137 -39 -108 0
74 -55 -159 0
95 150 132 0
58 110 31 0
146 -82 -75 0
101 197 77 0
-94 196 159 0
74 -155 -122 0
-171 -138 81 0
-98 75 191 0
-31 -40 5 0
-92 -175 166 0
121 112 74 0
-152 -164 -85 0
-164 64 109 0
28 133 -117 0
-56 -174 -153 0
172 -194 -132 0
54 -6 147 0
-177 -10 -57 0
-23 -183 159 0
-157 184 180 0
-44 81 39 0
52 -47 169 0
-132 75 -16 0
135 -175 9 0
-134 -101 46 0
63 103 -177 0
90 -189 178 0
-160 -89 107 0
2 96 115 0
54 108 53 0
-187 118 156 0
-154 -27 -122 0
34 40 -85 0
-148 48 -130 0
-117 189 -149 0
146 149 -45 0
-190 -185 187 0
164 -39 137 0
-6 -147 105 0
179 -95 -111 0
-189 65 -106 0
-122 -154 6 0
149 -148 -17 0
-65 -46 22 0
44 -37 -176 0
49 -74 -78 0
196 -152 53 0
-162 -33 114 0
72 31 -158 0
103 12 115 0
-123 130 20 0
-4 46 143 0
-39 180 10 0
-181 84 -172 0
117 -15 185 0
-114 -121 125 0
-61 -89 -33 0
149 1 -116 0
-191 109 -69 0
-134 81 62 0
-133 192 43 0
-157 -50 182 0
-39 115 94 0
118 -182 95 0
-35 -24 72 0
157 106 199 0
-172 -80 192 0
-99 127 -199 0
39 167 101 0
-128 166 73 0
-37 -66 165 0
103 98 -90 0
116 181 79 0
-29 194 -3 0
-169 -113 157 0
127 37 143 0
98 -115 141 0
110 -64 -174 0
-160 163 -15 0
-187 9 -186 0
-106 88 -111 0
191 125 174 0
-121 176 120 0
107 -178 71 0
-128 -109 -108 0
-115 153 -24 0
152 -54 -97 0
-168 -159 174 0
-17 62 -110 0
-38 108 55 0
-3 -109 89 0
37 -162 -45 0
62 -63 74 0
101 -130 -73 0
-21 -195 -6 0
56 -162 136 0
-73 36 -88 0
-8 -2 -75 0
80 137 116 0
-50 84 35 0
151 35 130 0
45 -130 157 0
-178 13 -154 0
-173 -129 5 0
-179 105 189 0
-178 -147 -39 0
-155 -156 -188 0
185 -50 116 0
102 155 20 0
-147 70 164 0
-21 133 66 0
195 103 -146 0
-169 -126 59 0
-198 110 -41 0
58 -47 -49 0
-200 -55 84 0
-190 57 196 0
193 -54 -171 0
103 -108 163 0
108 -196 60 0
-96 -56 -21 0
-27 83 -116 0
44 -100 -23 0
-125 -108 5 0
76 51 65 0
-25 102 -135 0
-116 62 -118 0
45 -72 162 0
200 14 173 0
45 -74 -97 0
68 -94 26 0
54 75 87 0
-164 23 -11 0
184 79 60 0
155 126 -64 0
-160 20 127 0
-194 32 -34 0
151 109 -179 0
-196 149 -141 0
5 55 62 0
75 -51 30 0
92 -159 81 0
-100 182 -28 0
-159 -62 6 0
84 126 -47 0
-126 -17 -30 0
184 176 63 0
96 98 80 0
-196 -143 -181 0
81 186 72 0
124 -83 -64 0
123 -1 -151 0
192 -60 -94 0
-190 15 -124 0
75 -119 -83 0
170 -54 -5 0
116 -177 -94 0
-140 -152 -1 0
131 -127 -21 0
-195 -114 83 0
-4 -193 -168 0
33 43 9 0
33 32 97 0
168 81 -114 0
-13 53 -180 0
64 154 -121 0
149 172 -136 0
123 11 6 0
-96 76 -50 0
-58 -66 180 0
-8 -105 132 0
62 37 1 0
101 53 -142 0
-93 -82 152 0
73 -106 166 0
138 90 -24 0
66 -100 -9 0
-20 65 184 0
37 58 57 0
-99 130 -61 0
59 32 105 0
-57 -62 145 0
-155 -101 -66 0
-154 22 71 0
-86 -62 143 0
-51 -192 -44 0
53 200 121 0
-136 -165 102 0
-179 74 -88 0
-174 64 9 0
-149 155 12 0
18 109 133 0
-187 92 40 0
-149 179 29 0
-63 -182 -94 0
-46 -160 67 0
-30 154 -124 0
-92 -55 136 0
-142 147 99 0
-17 -125 42 0
-11 189 3 0
-111 143 94 0
-135 -49 21 0
-44 -174 -74 0
115 23 -67 0
-60 -145 130 0
148 14 120 0
135 -156 33 0
-189 134 -141 0
-117 -82 126 0
-98 192 156 0
-61 112 117 0
76 -166 23 0
198 140 -10 0
118 146 -26 0
26 -56 -138 0
39 -77 145 0
132 -57 190 0
-88 -167 56 0
117 137 28 0
13 42 161 0
60 -131 200 0
-35 -79 112 0
149 186 74 0
190 122 198 0
21 158 70 0
-38 48 -195 0
17 107 -129 0
142 -193 49 0
33 100 -128 0
55 137 198 0
-126 -186 -127 0
141 52 -133 0
187 29 -70 0
-13 -199 -40 0
140 -138 95 0
-2 -117 -5 0
126 130 -176 0
-138 109 -83 0
-107 84 54 0
-127 -183 -26 0
139 190 -122 0
60 -173 21 0
-47 -143 123 0
126 155 -160 0
121 26 157 0
-19 73 -48 0
-198 -129 150 0
-41 83 79 0
65 122 -95 0
-136 -74 27 0
198 -114 53 0
83 -87 -25 0
-79 180 63 0
78 -187 40 0
47 -155 178 0
-182 -163 96 0
-182 -174 -9 0
-30 -158 -41 0
109 165 -110 0
19 70 -93 0
-21 -169 -5 0
-133 43 -73 0
-92 -52 25 0
26 33 -158 0
108 -72 -195 0
-75 103 165 0
91 112 -55 0
-123 -15 9 0
71 -194 -95 0
-47 85 178 0
-122 83 39 0
158 -6 32 0
-152 -50 -113 0
-115 192 -152 0
162 153 123 0
-128 169 -161 0
-72 -101 26 0
-11 151 -38 0
-126 165 72 0
56 -194 -181 0
-198 -116 -125 0
-87 -136 102 0
-178 67 -169 0
60 -165 -84 0
-187 -188 -71 0
77 -72 -176 0
-170 8 -9 0
-21 77 44 0
-197 91 143 0
-160 -168 8 0
62 -134 187 0
-151 56 30 0
130 -67 113 0
-80 120 -70 0
97 -177 -38 0
156 141 -24 0
-22 -101 -80 0
-20 106 -141 0
121 168 115 0
38 -72 153 0
126 -33 100 0
-157 121 140 0
-101 55 -74 0
132 28 194 0
88 137 194 0
-178 -117 -38 0
104 -20 -39 0
-132 -36 185 0
-71 -55 -74 0
140 -74 4 0
-200 -36 -74 0
-156 -4 -131 0
98 174 -82 0
-58 27 13 0
115 -4 83 0
-128 -103 -118 0
199 -164 -13 0
66 -181 -124 0
69 138 64 0
199 -156 -104 0
3 101 173 0
-128 -191 42 0
-39 -24 -99 0
175 155 -99 0
186 -114 174 0
184 -28 -32 0
-168 9 86 0
-66 7 159 0
87 46 45 0
93 -168 59 0
-164 -166 196 0
33 -103 36 0
64 -168 -148 0
130 94 -7 0
30 -69 -103 0
147 -133 28 0
101 -78 74 0
4 -16 -140 0
2 16 -33 0
29 -28 104 0
197 -161 -180 0
-58 88 -141 0
3 -14 110 0
67 -155 -113 0
96 44 171 0
-94 -97 -102 0
128 172 -25 0
-26 -114 -54 0
-150 -106 186 0
86 25 164 0
137 53 -131 0
35 -168 -135 0
84 -117 -39 0
88 -83 108 0
-75 49 168 0
56 -59 174 0
62 -7 165 0
178 127 -111 0
184 -126 135 0
-10 169 -161 0
194 19 -44 0
-93 16 -108 0
187 -166 -130 0
176 136 -129 0
-162 -114 83 0
-45 -53 6 0
-172 55 157 0
-105 -164 5 0
90 -71 24 0
-149 -180 81 0
43 -21 4 0
-99 8 76 0
141 185 80 0
-137 14 -97 0
27 188 74 0
-91 22 7 0
77 -122 25 0
70 -96 130 0
-129 -138 197 0
68 113 152 0
155 -197 -196 0
150 192 -90 0
20 -173 181 0
134 93 173 0
53 -79 5 0
150 -65 -30 0
135 -52 57 0
-193 -99 118 0
-180 -88 -49 0
-192 -164 144 0
-102 34 -83 0
69 45 136 0
-117 197 -170 0
-167 -89 97 0
-144 5 126 0
86 -175 195 0
31 58 -65 0
133 -95 -185 0
146 22 -118 0
-132 83 55 0
-198 -82 130 0
30 59 56 0
-98 86 149 0
-99 46 -43 0
-191 87 -19 0
-92 195 49 0
111 -109 152 0
-83 -31 109 0
-141 -43 -30 0
75 -31 42 0
-6 19 -68 0
-151 88 -95 0
102 -123 -185 0
184 -110 161 0
-138 -150 190 0
-80 196 -34 0
-73 -25 165 0
160 -42 165 0
151 -40 -141 0
121 124 140 0
-27 -18 118 0
23 -103 -141 0
-119 41 43 0
-8 -75 -182 0
196 -4 30 0
33 -149 174 0
77 17 102 0
-22 138 27 0
-26 -3 -47 0
-91 8 -3 0
4 161 -101 0
61 14 -123 0
176 141 196 0
-53 -150 98 0
80 44 165 0
-102 -93 119 0
-5 96 -160 0
118 174 -166 0
84 55 198 0
86 -135 -129 0
192 118 125 0
64 -91 -161 0
-123 -89 137 0
179 88 143 0
-192 49 -33 0
9 120 130 0
-64 189 -127 0
-28 87 135 0
10 183 -112 0
121 -78 -149 0
124 133 31 0
184 82 -39 0
-16 195 -112 0
-101 -99 139 0
48 18 16 0
173 10 116 0
125 146 187 0
-152 95 42 0
5 -13 -121 0
77 103 178 0
30 189 -164 0
-136 -114 23 0
180 59 -174 0
83 48 -75 0
62 -52 61 0
173 -194 -80 0
58 -75 -44 0
-137 188 -43 0
66 -138 176 0
-37 -24 -42 0
-128 -110 107 0
-124 72 148 0
15 -51 -77 0
-75 -54 92 0
-125 -19 111 0
103 140 24 0
-135 46 -140 0
143 64 145 0
-67 -172 166 0
154 -137 152 0
60 178 197 0
-161 15 -32 0
123 148 194 0
194 130 75 0
91 50 -144 0
196 -149 144 0
86 -29 -6 0
-151 -187 158 0
190 128 -100 0
63 -51 4 0
-87 -193 -35 0
30 2 -28 0
66 78 55 0
-105 -52 59 0
-58 133 -86 0
139 -77 -96 0
-88 194 -132 0
106 148 -65 0
107 -85 153 0
-2 -116 195 0
196 182 -126 0
93 32 -122 0
50 26 35 0
64 -85 -8 0
-6 -160 -20 0
-86 -82 -154 0
-167 194 67 0
-22 170 177 0
-179 -94 -74 0
-26 97 -155 0
-67 19 -2 0
-9 109 81 0
-60 -8 -7 0
164 196 -108 0
195 51 -181 0
-48 -132 50 0
-36 -56 136 0
106 84 17 0
98 129 -118 0
-163 -16 -123 0
-101 99 -194 0
72 -183 -128 0
98 118 14 0
59 46 11 0
-85 12 16 0
70 145 140 0
37 -5 119 0
121 7 128 0
189 -150 136 0
-192 154 -148 0
150 25 -73 0
-120 109 81 0
126 -155 -44 0
-148 -31 -139 0
-5 158 121 0
195 -32 134 0
92 68 143 0
-122 -139 -171 0
-195 -112 -43 0
-187 -175 129 0
-32 -163 53 0
-136 -165 -5 0
-112 80 30 0
-88 -138 -190 0
51 104 -183 0
155 9 79 0
-23 173 -35 0
200 178 -59 0
193 197 12 0
-90 -51 97 0
-93 120 -196 0
-163 -149 95 0
142 -7 -168 0
109 114 -21 0
69 76 -38 0
-197 -49 152 0
70 -16 -18 0
-70 -169 -139 0
79 27 -68 0
15 112 -184 0
