p cnf 250 1000
112 -70 -99 0
143 19 -94 0
88 -182 44 0
137 94 139 0
-49 -152 -91 0
-96 58 123 0
236 -42 -101 0
203 168 83 0
141 -139 106 0
-189 -244 -249 0
-162 -228 243 0
-151 97 199 0
-199 56 51 0
-18 -196 -142 0
-45 145 -56 0
-183 -180 168 0
-25 235 91 0
-126 140 -250 0
-140 127 131 0
70 215 -85 0
185 -136 -149 0
-169 41 -82 0
-94 103 -223 0
-235 21 -160 0
-83 207 -183 0
-84 230 -131 0
-191 22 -68 0
-112 170 33 0
62 -234 -108 0
-227 -215 -231 0
173 41 104 0
-137 -203 -5 0
-216 172 -177 0
132 156 -3 0
-76 62 123 0
196 141 39 0
52 -44 198 0
-152 -189 -89 0
143 -170 -61 0
-159 -109 -239 0
-250 112 -125 0
-73 -66 -244 0
-114 -21 -115 0
247 -248 -66 0
-148 -119 -29 0
-240 133 -67 0
72 -140 213 0
14 -199 102 0
-100 -74 -61 0
118 -197 -195 0
-218 -91 -248 0
186 -86 9 0
196 -104 -113 0
168 -67 7 0
79 123 227 0
250 -113 161 0
208 164 120 0
50 -126 -139 0
-141 129 86 0
-146 -165 108 0
113 -5 -120 0
-69 -34 71 0
-205 126 230 0
-207 163 -240 0
244 -83 -193 0
143 38 82 0
12 10 43 0
104 141 237 0
137 170 8 0
-39 25 -195 0
-179 48 112 0
-119 -66 185 0
219 -49 -82 0
-42 -105 128 0
-242 36 14 0
46 215 71 0
122 88 32 0
-219 197 99 0
224 93 133 0
-54 -41 221 0
-248 133 74 0
-212 -201 -250 0
39 -3 45 0
30 -37 119 0
-154 -236 -60 0
90 -36 -171 0
58 -46 -144 0
33 152 -6 0
151 -6 54 0
54 -201 -81 0
-238 8 -28 0
-70 -85 157 0
168 169 -242 0
-148 88 84 0
51 11 -24 0
-244 -189 -165 0
142 213 -176 0
-125 -42 192 0
-159 -87 83 0
151 33 227 0
-65 135 246 0
114 10 162 0
-145 159 -115 0
-108 -74 235 0
245 -28 191 0
-174 143 136 0
-2 -236 36 0
-236 101 136 0
3 -224 147 0
-162 -22 -68 0
-2 -179 -18 0
-33 -155 55 0
41 27 12 0
206 -30 -181 0
-139 -148 -164 0
165 185 200 0
-126 -203 -185 0
172 -83 -101 0
77 99 -202 0
-171 96 -123 0
88 -128 47 0
44 187 -194 0
246 11 106 0
-169 15 -4 0
-77 104 -237 0
-83 198 -109 0
-34 -123 237 0
-6 12 -30 0
-103 220 -131 0
-83 66 -73 0
99 169 51 0
-11 -85 -117 0
-215 133 -172 0
-39 211 -83 0
-8 -144 97 0
220 -184 -136 0
-186 41 -56 0
175 -43 73 0
141 198 -223 0
-96 -197 -14 0
129 -163 97 0
-133 132 78 0
42 132 235 0
-93 123 15 0
124 69 98 0
108 181 -42 0
-89 -15 208 0
48 -84 -105 0
-137 -156 239 0
83 247 -49 0
-175 -143 -208 0
8 146 34 0
168 -234 68 0
236 -92 -131 0
-178 -47 59 0
-83 132 -64 0
11 26 -96 0
-10 211 -8 0
40 -173 150 0
119 -30 -233 0
-105 -11 -101 0
180 -47 -194 0
22 -44 -12 0
-30 213 199 0
-101 98 -150 0
-109 -120 -79 0
76 -6 -232 0
29 164 -142 0
37 232 111 0
105 -207 -37 0
18 -241 98 0
-183 -26 195 0
-12 142 103 0
-138 163 -58 0
-89 -179 128 0
-202 15 240 0
-111 -173 250 0
-190 130 34 0
-16 -157 -39 0
-202 103 241 0
96 -87 204 0
-24 -16 -200 0
34 -196 -87 0
52 -17 45 0
-33 -9 -104 0
-62 116 38 0
211 156 -81 0
39 -214 -70 0
-15 31 176 0
200 110 40 0
219 4 -98 0
-128 -30 -13 0
92 -151 33 0
116 -20 -247 0
-137 66 -40 0
-204 250 117 0
69 8 117 0
22 -136 -13 0
122 126 29 0
-147 68 5 0
78 18 -11 0
-32 -121 210 0
-66 144 -186 0
-8 -46 -24 0
-134 -132 -249 0
-244 -42 229 0
-152 193 -78 0
161 113 181 0
25 -63 -239 0
-203 -249 -244 0
-238 -7 13 0
62 -236 19 0
137 151 92 0
-160 -176 162 0
171 -14 79 0
113 188 -193 0
89 81 -64 0
201 123 67 0
112 -213 131 0
-193 143 55 0
140 52 246 0
-133 205 184 0
-250 168 173 0
-113 -138 -57 0
127 148 -232 0
29 110 -215 0
222 -96 100 0
-161 248 -181 0
-224 -131 -225 0
209 62 95 0
-214 -154 77 0
48 44 -146 0
58 -236 -222 0
206 -156 130 0
109 -111 -163 0
-102 29 201 0
63 145 108 0
220 59 -36 0
-92 230 -137 0
-213 -162 -115 0
-228 -141 -214 0
200 209 70 0
62 -24 -27 0
-145 24 -97 0
126 -170 -133 0
63 26 -218 0
152 -240 139 0
43 243 2 0
35 -25 -223 0
199 49 26 0
-36 232 -84 0
-43 215 65 0
-10 111 -197 0
236 -201 183 0
-215 -73 -114 0
179 -18 -59 0
233 214 187 0
31 61 -137 0
201 -89 -180 0
32 -62 121 0
204 77 166 0
-215 30 227 0
11 215 -86 0
-39 72 136 0
73 -186 71 0
-141 -125 -177 0
112 111 190 0
-229 86 -48 0
40 -116 177 0
247 146 113 0
-167 -213 -235 0
90 37 -52 0
-44 209 -42 0
-213 -129 -143 0
127 88 166 0
148 -76 -43 0
1 93 -211 0
249 -243 10 0
-204 124 -11 0
-250 211 -87 0
-77 235 -165 0
202 29 -53 0
-61 23 136 0
-205 142 -243 0
-157 -7 -4 0
30 90 156 0
62 -40 142 0
4 -24 -176 0
103 -247 -243 0
-91 -161 226 0
4 72 -176 0
30 210 98 0
12 -196 -143 0
3 188 228 0
-167 53 133 0
-134 177 -30 0
-127 -60 -96 0
-165 68 244 0
114 -240 176 0
17 2 -228 0
-22 -181 239 0
199 -95 244 0
179 -125 130 0
87 -220 225 0
150 37 46 0
16 71 110 0
-94 131 164 0
6 133 -92 0
-172 161 -103 0
-183 -239 -230 0
-117 8 220 0
211 230 56 0
16 -139 126 0
-84 -67 -63 0
-223 -1 -31 0
-21 148 -133 0
-46 209 -132 0
232 -73 151 0
-184 141 -92 0
-179 -125 183 0
147 72 -14 0
-156 -132 244 0
-200 -142 -13 0
-13 101 -133 0
76 213 -37 0
159 -121 120 0
41 142 68 0
240 -34 -41 0
-37 111 -188 0
-234 -64 -144 0
-95 -194 144 0
-187 113 30 0
-24 -102 155 0
228 -109 -69 0
-237 -71 134 0
17 50 167 0
-76 -189 94 0
44 162 229 0
-172 -7 -38 0
-181 234 171 0
200 -39 -31 0
78 -13 -75 0
34 60 96 0
-93 187 210 0
-132 -52 136 0
176 -95 229 0
157 54 165 0
-49 -211 250 0
-167 170 -169 0
-197 94 -131 0
105 -36 8 0
69 14 120 0
204 53 208 0
27 100 -212 0
81 -246 -99 0
160 102 -7 0
127 -29 172 0
140 232 5 0
18 -140 -79 0
-194 -212 146 0
-223 -86 -119 0
145 222 -87 0
235 -14 139 0
55 -45 -249 0
-234 190 131 0
-150 -211 -187 0
-7 78 79 0
157 -72 59 0
104 -25 109 0
7 -25 85 0
50 159 -216 0
-182 114 -224 0
-126 -221 154 0
-223 39 7 0
-7 238 93 0
96 161 -241 0
-215 -36 122 0
-247 136 -31 0
53 225 51 0
70 -37 181 0
68 -160 -4 0
202 227 -209 0
-42 192 211 0
-203 -191 -80 0
-173 42 -105 0
-149 234 -104 0
-63 -237 -62 0
194 62 -128 0
105 77 68 0
-125 -224 24 0
-198 -187 15 0
-186 214 96 0
-130 59 -98 0
-197 -27 16 0
118 65 247 0
-165 8 63 0
88 180 -99 0
-92 26 219 0
-209 4 243 0
23 -54 -200 0
-192 142 -201 0
211 -19 -205 0
-19 159 35 0
22 -136 39 0
-144 74 250 0
-160 228 10 0
-140 175 74 0
-174 3 -172 0
-227 142 -212 0
-177 -208 174 0
-36 -210 172 0
206 -148 -244 0
194 -72 -5 0
136 -145 -29 0
212 66 -177 0
-19 48 167 0
22 233 209 0
72 -223 -196 0
14 -19 76 0
94 -130 -25 0
-107 62 -250 0
48 -57 55 0
216 60 78 0
-147 152 -166 0
190 -57 -72 0
-188 -38 162 0
-210 88 -5 0
23 -222 -15 0
225 -119 -204 0
-248 -41 120 0
-171 -143 205 0
111 -22 -198 0
210 214 172 0
-242 224 91 0
234 -97 237 0
-5 -179 2 0
-45 106 -110 0
112 210 82 0
246 25 119 0
-63 27 -228 0
-190 36 74 0
-98 2 -108 0
230 -39 -196 0
220 -204 221 0
230 158 244 0
-199 44 -120 0
-67 175 217 0
202 -226 -120 0
-224 160 235 0
41 -15 -112 0
9 28 147 0
-145 -234 209 0
-85 -96 -69 0
-144 154 130 0
65 -180 -117 0
25 -114 -3 0
-182 119 -184 0
17 -233 150 0
-85 143 -114 0
-96 94 62 0
-223 -133 -207 0
19 -215 93 0
-212 -30 -86 0
194 -90 -53 0
-17 237 197 0
186 152 39 0
231 36 -64 0
-34 73 -235 0
68 4 -48 0
-23 191 -35 0
-143 -194 -19 0
1 207 143 0
-71 169 -164 0
-120 -76 61 0
-222 91 -160 0
68 86 -195 0
-70 -63 -35 0
-105 60 -24 0
81 -70 129 0
195 69 -190 0
127 -50 68 0
-192 21 -142 0
-174 31 -136 0
-115 187 -134 0
214 -172 -61 0
-114 -109 -1 0
94 82 -192 0
-26 13 -177 0
-58 -107 60 0
229 -36 -221 0
-172 -37 21 0
169 8 88 0
-170 68 -141 0
-194 -79 -242 0
250 148 -29 0
29 127 7 0
-205 -41 -30 0
-242 -215 -37 0
-94 149 246 0
-124 -10 246 0
-131 152 235 0
-242 9 36 0
-2 33 111 0
-225 -62 22 0
-153 31 38 0
-131 -233 94 0
107 -121 -240 0
171 -82 -106 0
231 59 197 0
109 -250 -3 0
114 -225 -43 0
-90 195 233 0
27 -16 -244 0
-212 -53 -35 0
51 211 109 0
38 -72 -236 0
80 -37 -1 0
-45 -81 -7 0
-250 -11 5 0
-152 -9 240 0
84 118 -7 0
-132 -186 36 0
-35 122 243 0
-1 248 -152 0
-31 246 -1 0
-166 171 -125 0
-180 156 -110 0
211 17 -191 0
178 237 -210 0
238 -84 29 0
-106 -4 88 0
226 106 -17 0
-162 11 239 0
29 204 -235 0
-163 109 -219 0
206 -65 18 0
-128 205 119 0
117 220 28 0
208 -136 12 0
135 -233 239 0
135 19 160 0
-84 -66 -206 0
243 247 -94 0
-237 178 -64 0
231 157 3 0
31 -11 150 0
-142 2 -192 0
-145 4 -34 0
-96 89 61 0
239 -229 -193 0
-48 -161 -98 0
-108 140 169 0
155 -10 102 0
-43 228 31 0
5 155 240 0
8 165 -239 0
226 7 -131 0
-132 27 190 0
45 -26 104 0
93 117 111 0
-79 -237 -62 0
135 -95 147 0
-129 -196 35 0
-77 -29 -157 0
-240 130 -189 0
-21 240 -76 0
-69 87 -58 0
-53 -9 149 0
-1 184 60 0
144 -81 -235 0
136 -163 -217 0
184 48 249 0
-23 99 -200 0
36 -218 146 0
226 -191 160 0
67 -231 166 0
-102 197 97 0
111 4 123 0
214 -215 11 0
128 -29 -89 0
42 48 195 0
51 -99 -22 0
25 -2 105 0
-188 8 239 0
130 -117 58 0
-84 130 -53 0
-183 -123 -179 0
188 70 101 0
78 -35 -228 0
239 6 -218 0
156 28 -221 0
62 -124 -54 0
114 116 125 0
96 6 -129 0
249 236 -222 0
145 167 -229 0
-164 -186 -28 0
-158 -153 -139 0
-225 -177 -21 0
-88 -7 43 0
217 -14 43 0
-61 -133 33 0
139 182 -30 0
-53 -215 29 0
221 61 180 0
-37 -34 39 0
-46 145 241 0
-177 -40 49 0
105 -103 -109 0
-219 -40 2 0
173 -151 -27 0
-208 -129 195 0
-107 -86 -184 0
-122 233 -37 0
107 -215 217 0
-107 131 34 0
-210 121 53 0
-139 -236 144 0
-1 153 86 0
-183 15 -82 0
-249 -89 109 0
123 242 -100 0
-171 -227 51 0
143 40 180 0
1 -123 -142 0
224 -239 -181 0
7 66 -56 0
-88 -87 159 0
174 -154 82 0
220 -119 25 0
148 -176 146 0
-195 247 -167 0
-112 -198 94 0
152 -93 -46 0
10 107 14 0
228 122 -66 0
88 -26 -175 0
143 197 -18 0
97 -25 -198 0
-197 -244 -125 0
225 -191 148 0
38 55 -31 0
-217 61 18 0
243 -173 234 0
95 129 38 0
214 -229 108 0
51 -73 28 0
122 89 205 0
216 111 -211 0
-75 132 79 0
1 -74 -5 0
-236 92 10 0
-121 -158 -90 0
-192 3 229 0
162 140 147 0
114 226 -149 0
59 172 -31 0
-86 162 -52 0
-183 211 -218 0
-2 44 -162 0
12 49 209 0
157 -104 -4 0
45 -198 -114 0
-216 -81 141 0
-184 -88 107 0
50 -104 31 0
-4 181 154 0
-135 -187 150 0
-209 -27 -156 0
-242 -26 -108 0
-65 50 72 0
-30 -21 -178 0
23 239 120 0
99 -247 207 0
-156 -241 43 0
-206 -128 25 0
-168 -142 -211 0
160 -52 11 0
-202 -147 207 0
-204 -146 -90 0
-8 -108 196 0
30 157 232 0
-16 -228 92 0
98 31 16 0
116 221 -61 0
-229 -159 -204 0
197 121 220 0
-88 -221 227 0
67 141 -5 0
-172 90 -175 0
96 50 89 0
-23 40 99 0
10 -12 -51 0
69 68 15 0
31 35 -58 0
47 102 -63 0
242 -127 -106 0
-4 76 244 0
86 210 167 0
-47 132 -104 0
227 19 139 0
153 -235 -77 0
-106 -232 81 0
135 -134 33 0
246 157 -225 0
-138 -181 101 0
-56 62 -170 0
233 -22 211 0
-77 149 11 0
105 193 68 0
-196 -218 141 0
155 99 -59 0
-163 109 -175 0
56 117 -185 0
140 94 -36 0
180 114 191 0
-188 205 -206 0
-60 10 17 0
-206 -134 -126 0
190 -94 -144 0
33 58 77 0
-87 235 230 0
-162 -174 50 0
-236 229 17 0
211 -192 2 0
-157 92 -101 0
-27 -75 -30 0
-196 -98 -159 0
114 65 -192 0
6 248 -212 0
-107 204 193 0
-159 -43 -12 0
126 -211 -105 0
-191 239 160 0
-217 49 178 0
-151 79 245 0
187 -74 79 0
-70 187 73 0
245 -55 238 0
79 224 -125 0
231 144 222 0
-241 60 131 0
-22 210 -157 0
-223 -196 -188 0
-4 29 19 0
-45 201 70 0
-243 -195 -250 0
224 135 -108 0
151 51 125 0
3 146 -87 0
7 -232 -34 0
73 116 202 0
72 -10 -62 0
-32 199 -117 0
-165 -131 -116 0
-159 -195 187 0
20 62 -165 0
170 77 151 0
-100 -166 -3 0
-158 -204 246 0
-52 236 -117 0
-97 83 -140 0
65 87 -198 0
-79 118 -62 0
58 -158 -121 0
183 -100 -62 0
-211 -151 165 0
48 220 -102 0
-180 -81 -162 0
-143 189 -85 0
-51 224 26 0
113 163 121 0
-147 -76 47 0
-48 146 141 0
125 -9 -73 0
12 156 -159 0
-97 49 7 0
18 -156 243 0
46 -142 -3 0
-72 89 3 0
80 133 -238 0
197 -247 -106 0
-247 -42 22 0
-46 -228 98 0
42 148 73 0
211 -225 218 0
14 -91 18 0
-123 155 170 0
-93 -182 84 0
70 149 -15 0
-65 100 -183 0
235 46 198 0
-80 -88 -116 0
-198 -19 83 0
108 158 -14 0
111 -53 33 0
-105 92 -32 0
-86 -42 -118 0
-42 -214 -149 0
48 152 -20 0
144 104 184 0
-249 111 107 0
198 -214 -136 0
-195 -205 -179 0
34 -6 -241 0
-40 101 -116 0
211 167 93 0
-217 -196 -215 0
237 -225 139 0
67 100 231 0
105 -85 -41 0
178 195 -140 0
-87 93 235 0
-85 157 147 0
243 -171 -177 0
205 76 -84 0
219 107 209 0
60 189 -89 0
-171 -15 246 0
-74 101 50 0
-211 110 134 0
27 -189 46 0
-130 219 129 0
98 -25 -146 0
-37 47 -51 0
244 39 -213 0
-238 135 11 0
129 233 241 0
-236 -217 -196 0
-215 50 -249 0
-201 -248 235 0
89 97 -31 0
83 -47 -195 0
124 197 68 0
243 235 50 0
-167 -24 20 0
154 244 177 0
222 85 226 0
-140 -159 -162 0
-42 102 -57 0
-226 -242 37 0
105 -37 -23 0
-177 -185 103 0
-41 200 85 0
-138 -55 247 0
53 237 -177 0
-163 -227 -126 0
136 -163 -14 0
23 249 106 0
237 -97 -46 0
200 -36 130 0
114 -227 140 0
204 -134 -85 0
-162 147 -174 0
-130 -45 -172 0
-60 -106 -7 0
-167 57 144 0
-227 41 -201 0
-238 87 35 0
-105 -214 -243 0
-155 180 -38 0
134 -27 -197 0
-238 -62 -178 0
-225 155 80 0
-28 -65 -245 0
245 -48 -182 0
-90 -238 185 0
-26 -117 58 0
126 182 -48 0
-226 13 -158 0
51 130 -3 0
11 133 60 0
-202 132 -211 0
207 -21 -3 0
60 17 226 0
-84 -98 -69 0
-36 -91 -93 0
69 -198 -226 0
233 -156 -40 0
136 -84 48 0
60 -45 -31 0
32 113 216 0
-63 190 -123 0
209 138 -184 0
-136 -3 12 0
150 -79 110 0
-20 29 -215 0
-210 -147 -104 0
-199 -144 -96 0
42 201 -156 0
-170 240 -38 0
-186 33 -95 0
239 229 64 0
-23 -113 -132 0
-233 176 -244 0
22 178 11 0
-54 -245 115 0
-52 -198 -107 0
-39 -241 -158 0
-127 -148 -214 0
150 149 34 0
28 189 -192 0
-20 -130 110 0
40 164 215 0
62 -134 250 0
171 36 80 0
180 -176 -143 0
99 -38 -244 0
-8 123 -203 0
-219 243 -215 0
-18 6 -205 0
-206 1 -11 0
-151 -233 180 0
36 180 145 0
-176 -116 24 0
73 -114 91 0
46 -60 -30 0
170 210 -182 0
-56 198 -119 0
-164 -59 169 0
-126 -200 -153 0
234 -48 -143 0
174 100 185 0
105 -37 17 0
-181 -2 185 0
155 79 237 0
-62 -148 192 0
12 -7 -6 0
52 35 43 0
-17 -57 35 0
-137 104 -114 0
-83 81 209 0
148 -231 -21 0
183 -98 -156 0
-13 -54 -243 0
17 140 -68 0
171 144 -239 0
-195 111 -244 0
75 -145 -137 0
114 30 99 0
-231 -152 104 0
75 52 -238 0
-145 -73 -40 0
-129 -21 40 0
-1 12 -62 0
145 -240 139 0
76 -161 175 0
-242 185 122 0
-88 -24 15 0
-84 68 87 0
-46 106 -142 0
-32 204 -209 0
-67 63 164 0
87 89 -77 0
223 -60 -143 0
-82 -191 -26 0
-123 243 227 0
-123 153 -124 0
186 -226 51 0
229 112 -134 0
-183 -2 -140 0
-201 -31 32 0
160 142 -139 0
7 36 -53 0
78 239 44 0
-52 -250 -44 0
21 -250 230 0
-218 156 23 0
-40 -144 -243 0
214 92 180 0
-200 -156 196 0
43 -195 173 0
223 118 95 0
117 -172 179 0
200 -161 227 0
198 -196 132 0
-139 117 100 0
-120 -112 -46 0
236 200 -118 0
211 154 -81 0
135 -164 -38 0
239 -248 -216 0
-79 230 -128 0
41 -105 -193 0
-5 -105 97 0
-159 121 6 0
71 211 -198 0
-129 -241 -152 0
227 208 167 0
179 18 28 0
166 169 52 0
110 250 25 0
-26 -214 -37 0
26 47 -60 0
107 -24 139 0
-156 147 11 0
-202 -96 127 0
165 29 -157 0
-87 75 209 0
17 147 49 0
