p cnf 250 1000
74 -48 -2 0
231 -110 -32 0
193 -104 -221 0
176 -228 -239 0
-27 110 40 0
-181 192 -41 0
-121 -216 -28 0
233 -123 -78 0
42 -8 -118 0
-214 -90 -119 0
-121 46 129 0
188 107 -59 0
-26 245 142 0
-91 232 248 0
104 -110 91 0
-133 99 32 0
120 -217 -189 0
227 -221 10 0
-176 -158 -139 0
199 196 116 0
-1 137 39 0
234 241 167 0
24 -66 189 0
89 -56 -52 0
-17 196 -47 0
25 131 125 0
-137 -4 -235 0
-59 182 104 0
-110 68 245 0
49 -62 130 0
107 -171 -148 0
41 -3 -88 0
20 -228 91 0
19 126 228 0
-240 247 -125 0
60 -91 243 0
146 121 84 0
-9 157 -120 0
156 212 -166 0
124 134 -145 0
-82 -119 -102 0
131 227 -86 0
-186 120 44 0
220 15 206 0
244 25 -13 0
158 -50 -42 0
53 83 -201 0
-191 73 -30 0
125 -213 -229 0
-179 119 -167 0
-60 130 74 0
24 -84 -172 0
-15 -20 214 0
227 213 -98 0
246 115 -104 0
-209 -243 121 0
-188 114 71 0
94 160 236 0
-161 -165 170 0
-171 -120 116 0
-190 -97 167 0
32 97 23 0
-232 -31 242 0
206 -191 -209 0
-107 218 161 0
-205 -34 44 0
-66 -75 182 0
-212 -127 -12 0
76 141 -236 0
46 -9 -50 0
70 -9 154 0
-164 16 1 0
235 117 209 0
-44 -33 121 0
-130 57 9 0
73 -235 -133 0
-155 -221 67 0
-162 -70 208 0
83 -213 -20 0
52 -98 14 0
-190 225 63 0
182 221 -7 0
39 -217 -152 0
-2 219 202 0
-104 40 -8 0
-177 -208 -192 0
-218 88 -156 0
53 217 212 0
17 170 -86 0
-27 19 39 0
-160 146 -155 0
-140 -178 -224 0
246 -3 -30 0
118 -234 16 0
42 211 41 0
75 -123 -235 0
-20 40 -164 0
-185 90 234 0
-97 -233 -206 0
227 -186 -166 0
7 -129 89 0
-35 94 -80 0
71 -249 81 0
144 22 21 0
-173 -17 -103 0
92 183 221 0
153 -86 248 0
-245 -91 161 0
248 -148 -138 0
-239 154 -38 0
-15 -119 -234 0
87 -160 -35 0
-19 -231 -145 0
247 211 209 0
192 -106 49 0
175 -224 -102 0
9 167 -225 0
101 -32 -160 0
244 -26 -118 0
-129 -33 215 0
-132 -145 225 0
59 -174 -165 0
-43 190 -207 0
215 -25 -56 0
-160 -143 -226 0
-138 140 29 0
212 -2 155 0
25 -149 179 0
-23 236 112 0
230 200 36 0
176 249 38 0
77 -36 204 0
148 -229 107 0
-23 141 -42 0
-245 116 -111 0
233 -239 247 0
-19 -48 196 0
-52 129 14 0
-188 167 -102 0
113 -245 186 0
-227 170 113 0
-112 -199 175 0
-175 -66 -33 0
19 -1 42 0
-139 118 -173 0
-164 102 -48 0
66 218 33 0
-116 37 -240 0
-155 24 87 0
244 -230 -124 0
9 168 100 0
54 120 -73 0
-170 156 7 0
-62 186 92 0
-82 -171 -57 0
206 -57 -213 0
-116 83 -214 0
-67 -138 -38 0
-194 -118 -85 0
-54 227 -24 0
-72 -112 157 0
-51 -191 -175 0
154 112 250 0
-53 -175 -225 0
-183 175 75 0
-246 225 77 0
101 -152 -180 0
212 7 -17 0
-189 -38 -209 0
157 74 158 0
141 -232 -180 0
-128 -78 -194 0
-226 52 223 0
9 247 175 0
21 223 122 0
-57 -102 -16 0
216 -31 135 0
-84 -188 -185 0
235 89 -64 0
126 -114 -186 0
-79 172 -129 0
-144 21 152 0
-124 -78 22 0
178 -101 85 0
40 -12 18 0
17 -183 -12 0
-230 141 243 0
-122 -35 23 0
-183 -143 192 0
-150 -8 -42 0
38 145 -122 0
-193 -208 173 0
-63 -181 -133 0
214 8 -44 0
106 -59 30 0
-112 64 228 0
-73 -169 18 0
-228 -3 192 0
-116 -15 -117 0
247 -42 -80 0
-187 44 -206 0
193 -62 167 0
-143 149 -42 0
-220 82 -32 0
182 8 -103 0
-220 179 168 0
-117 49 116 0
-50 20 -68 0
183 -26 -232 0
-192 185 -190 0
49 -94 160 0
-183 75 -47 0
-68 51 -120 0
-200 -210 -96 0
7 -231 -186 0
-171 -17 21 0
107 -15 -227 0
-204 35 -122 0
181 -138 -225 0
190 235 -178 0
250 47 30 0
89 39 42 0
24 147 -178 0
-150 -99 -169 0
-205 -210 -101 0
67 -98 -168 0
-44 -228 -91 0
-226 20 206 0
-76 -70 16 0
-100 -31 -17 0
218 186 28 0
162 -144 138 0
57 182 16 0
-87 48 242 0
38 -155 -171 0
-147 38 -191 0
-176 132 158 0
-224 -218 -6 0
213 -236 184 0
-201 -27 -59 0
-227 -84 -180 0
-66 159 -234 0
204 236 68 0
153 56 -94 0
-110 64 -39 0
-51 28 -224 0
-201 -33 -135 0
243 39 -167 0
52 8 -102 0
23 241 92 0
-96 106 -59 0
91 -149 -209 0
202 -219 7 0
-52 206 98 0
105 61 -196 0
-115 -139 38 0
-77 -230 -25 0
-106 -81 -161 0
191 118 93 0
-23 -4 21 0
46 102 -157 0
-118 168 95 0
62 -232 245 0
-249 86 164 0
-218 -20 -43 0
-45 -113 -227 0
-160 195 109 0
-212 -106 78 0
67 26 -192 0
32 10 245 0
39 -186 -115 0
-28 50 15 0
-168 -200 163 0
234 139 206 0
79 -112 -188 0
-40 -96 10 0
-244 120 136 0
-137 74 118 0
55 48 16 0
12 -89 206 0
215 -90 -138 0
73 50 105 0
-9 -244 -222 0
77 -203 115 0
231 -207 -37 0
-33 222 -159 0
249 -206 8 0
-53 60 -165 0
114 7 76 0
-67 -18 191 0
-108 195 99 0
229 -82 -31 0
188 -73 -183 0
162 8 -103 0
-57 239 -32 0
207 -151 238 0
-134 -20 64 0
121 -4 70 0
-122 124 160 0
-190 -182 -130 0
-1 31 -35 0
-145 10 192 0
-241 -95 24 0
164 -102 18 0
-66 -93 -130 0
123 172 46 0
-30 142 -78 0
-197 -156 111 0
-68 -236 -160 0
-192 -2 248 0
-39 95 166 0
-172 158 39 0
203 144 211 0
225 -47 -186 0
87 -155 -176 0
249 -92 124 0
126 134 212 0
-98 135 87 0
-35 -57 -55 0
-140 -227 188 0
160 244 -162 0
-220 14 -51 0
62 52 -54 0
59 247 64 0
29 -50 236 0
238 250 -123 0
95 -228 -140 0
-87 -50 -104 0
63 248 -221 0
111 -218 -224 0
-229 -170 -210 0
36 -141 -41 0
231 -247 -142 0
115 2 -155 0
-98 -86 240 0
196 -114 180 0
232 -217 236 0
181 -86 144 0
-106 -29 -136 0
-42 -201 70 0
-241 -116 135 0
-228 -216 82 0
-83 -172 117 0
-66 163 83 0
83 -45 235 0
178 -36 48 0
-9 -1 67 0
46 10 -180 0
-26 -37 208 0
-4 -6 34 0
-196 194 224 0
-12 178 96 0
57 224 -185 0
7 -158 24 0
-246 107 -247 0
-31 -224 127 0
-40 -52 225 0
78 -58 110 0
-70 117 -62 0
73 -20 -36 0
123 -229 -73 0
-187 161 69 0
-134 154 87 0
70 147 -10 0
-58 249 -40 0
-135 -95 90 0
240 223 -57 0
11 118 -152 0
-210 -53 17 0
183 -139 -151 0
-88 189 -53 0
-230 247 225 0
-10 -194 -97 0
-182 169 -105 0
-11 158 236 0
98 114 60 0
-47 -155 -192 0
-41 40 4 0
-170 33 209 0
197 -54 -51 0
150 -83 1 0
-200 -135 -96 0
-223 -41 103 0
152 -189 108 0
-62 -148 123 0
-138 -44 229 0
46 -42 151 0
-24 -119 -93 0
-194 -228 80 0
-49 97 165 0
238 178 -242 0
-237 -234 -102 0
156 -27 21 0
116 180 146 0
142 185 10 0
187 -112 -197 0
-46 131 -117 0
192 199 -231 0
-97 100 98 0
-138 -115 81 0
-175 214 -224 0
66 -110 208 0
161 209 15 0
81 -117 64 0
104 -40 -5 0
-25 176 -182 0
222 132 57 0
149 192 -237 0
185 -178 -139 0
63 -6 221 0
-140 243 209 0
-223 177 -248 0
-194 165 -47 0
22 222 -2 0
-29 -162 121 0
-42 -93 21 0
-183 -156 207 0
-154 -142 -20 0
-128 187 135 0
218 -171 -245 0
210 -182 122 0
-71 -15 -92 0
-180 -215 -29 0
202 -230 -97 0
-80 65 -105 0
-48 193 -170 0
22 -199 -137 0
-195 142 241 0
219 -246 43 0
149 -147 -26 0
26 -9 241 0
-238 6 -161 0
198 87 -99 0
226 43 142 0
-81 203 -8 0
-135 126 -36 0
-203 178 133 0
-221 -140 212 0
127 38 -5 0
-5 -209 -149 0
18 132 146 0
218 18 -233 0
-185 235 -19 0
114 -5 91 0
62 243 201 0
-183 138 -125 0
221 85 43 0
-156 -135 55 0
73 -235 -2 0
-54 -129 120 0
-81 101 194 0
-13 -203 -123 0
-113 -114 -184 0
128 -247 145 0
9 -74 -223 0
86 -223 -243 0
-196 -110 -220 0
118 123 60 0
104 -96 -230 0
-248 -234 -91 0
206 179 -35 0
7 -117 -40 0
235 123 -24 0
-23 -115 151 0
-58 -201 -198 0
107 -116 233 0
35 152 -13 0
130 -15 -241 0
221 186 48 0
-24 -86 168 0
-55 -218 -19 0
-144 137 -44 0
9 24 173 0
109 -63 -153 0
37 229 44 0
-18 -205 206 0
154 232 128 0
-198 22 90 0
-73 188 105 0
67 -73 117 0
-140 -155 -129 0
222 35 223 0
-58 218 -247 0
-182 -35 -130 0
-228 98 242 0
143 -219 235 0
-226 -150 -171 0
-204 -59 -104 0
248 123 128 0
-3 -212 -48 0
-104 210 76 0
-170 -70 -222 0
-74 206 -80 0
195 -13 67 0
226 101 146 0
74 -9 90 0
9 207 -102 0
-66 70 -38 0
123 30 -89 0
-58 -174 126 0
229 -168 -209 0
98 -164 198 0
-13 75 -241 0
-146 214 -193 0
-81 -136 -145 0
-80 206 199 0
-87 -171 -225 0
-208 62 174 0
35 14 -31 0
199 133 154 0
133 -81 52 0
-16 -34 57 0
-82 139 222 0
-41 -44 -76 0
-63 -143 -220 0
95 128 -160 0
7 -174 -177 0
240 -52 -191 0
151 -131 -241 0
-109 23 241 0
-21 96 -218 0
-185 161 -48 0
180 85 -227 0
-190 -193 -241 0
96 152 133 0
-129 -190 -56 0
-31 206 -217 0
247 -110 30 0
-45 242 -219 0
13 -7 213 0
-103 169 221 0
-218 36 60 0
147 209 60 0
-195 113 -248 0
232 -245 70 0
-55 -28 147 0
209 27 188 0
-60 -91 -95 0
-121 141 228 0
19 164 250 0
206 153 -235 0
67 -126 -8 0
173 -216 -243 0
29 -9 185 0
101 -6 212 0
55 -233 -56 0
213 39 9 0
-2 113 122 0
89 -155 -14 0
-60 200 -63 0
3 -97 235 0
148 197 -2 0
-127 -208 164 0
224 -103 181 0
27 68 -80 0
229 75 115 0
234 -172 -110 0
236 -14 22 0
108 -100 -220 0
-201 139 188 0
-1 191 -238 0
92 -120 -232 0
-217 206 99 0
140 -199 -246 0
-94 20 14 0
2 107 249 0
46 139 197 0
51 43 -153 0
142 160 -249 0
-122 -10 -187 0
104 230 56 0
-210 -116 -65 0
-106 -190 24 0
57 -94 164 0
108 62 83 0
90 -168 236 0
-138 -190 -103 0
105 -169 -99 0
28 -74 6 0
-97 -128 -186 0
205 -155 162 0
111 241 44 0
176 -217 -15 0
-214 245 36 0
133 -17 37 0
60 17 -221 0
-218 -3 166 0
-39 -22 -109 0
-245 -57 -26 0
-64 -81 159 0
179 -129 -204 0
200 -178 -216 0
113 -135 -41 0
-54 -118 61 0
-185 103 -142 0
-235 63 -85 0
-18 95 249 0
-46 -85 101 0
-111 -82 -246 0
87 206 -244 0
-51 131 144 0
-238 -106 67 0
212 218 132 0
73 154 145 0
-43 -5 214 0
-234 135 32 0
87 -183 -211 0
-69 -126 230 0
-123 114 -231 0
54 29 -242 0
103 239 169 0
-201 14 46 0
226 -138 65 0
47 -193 -55 0
187 155 -116 0
209 -99 78 0
-114 -143 -40 0
-239 -78 -194 0
42 191 70 0
180 -159 -168 0
-64 57 -101 0
191 186 -201 0
-209 245 -226 0
-96 122 208 0
-18 -208 7 0
-217 29 -169 0
-144 -96 81 0
-177 230 173 0
25 -197 18 0
163 -169 -168 0
-182 141 -147 0
64 86 -195 0
-23 2 105 0
46 -146 -74 0
2 128 78 0
-21 -88 -211 0
-97 -214 212 0
17 -177 197 0
119 49 37 0
-129 -57 -85 0
-200 118 -121 0
72 126 -213 0
-165 242 112 0
155 111 74 0
113 -119 67 0
-128 122 172 0
71 118 -92 0
-199 -233 -161 0
-82 -217 -130 0
-118 -47 -195 0
181 -33 19 0
-193 -125 104 0
-236 -77 -141 0
103 46 21 0
-174 -61 5 0
-46 129 -209 0
229 146 239 0
-137 193 -22 0
249 131 -32 0
-135 -233 -93 0
213 -152 87 0
224 -73 -175 0
-77 -212 160 0
-130 138 144 0
120 -228 -51 0
27 210 -144 0
-176 -110 -238 0
245 -74 -58 0
-81 231 -23 0
-48 128 175 0
-140 210 168 0
-248 146 206 0
-45 -1 151 0
143 245 208 0
206 -199 155 0
-15 -109 -225 0
-9 -93 -161 0
-33 115 183 0
186 -119 -105 0
-56 58 -92 0
-135 -123 128 0
-162 50 217 0
-49 2 -169 0
-232 31 -90 0
-138 35 132 0
195 -8 209 0
-64 203 -60 0
75 -131 -190 0
112 -161 64 0
-226 209 105 0
-87 -19 -75 0
-100 -248 -133 0
-247 240 184 0
-102 249 -70 0
207 -246 84 0
-5 -125 -232 0
-26 -228 216 0
-174 129 12 0
-200 37 -189 0
-63 70 -187 0
-66 -192 196 0
218 44 196 0
177 187 104 0
-224 219 -12 0
210 205 -153 0
200 166 161 0
244 -50 207 0
-242 186 -188 0
197 178 224 0
-41 -229 -45 0
-108 -230 -63 0
116 -193 33 0
3 166 82 0
234 121 15 0
-47 135 24 0
-69 24 49 0
-217 -73 -150 0
-37 -39 80 0
-145 240 70 0
-94 -41 -31 0
-116 248 82 0
-46 -101 -102 0
-115 -54 217 0
-140 186 59 0
-63 -129 62 0
-229 -198 -93 0
-183 37 -174 0
152 -34 212 0
-46 131 -179 0
-156 -72 -32 0
181 151 -190 0
79 47 -36 0
37 -249 -247 0
43 -150 86 0
31 -90 157 0
-85 95 93 0
242 -52 189 0
35 -129 8 0
118 -48 -106 0
-105 33 113 0
-130 81 -132 0
-208 211 -241 0
-65 -123 -244 0
-184 -20 -70 0
-57 -45 -47 0
12 -203 -173 0
-85 -230 -61 0
-127 131 -15 0
-237 86 70 0
58 198 -183 0
129 -57 53 0
-22 121 26 0
-190 -154 235 0
210 -174 -58 0
-67 225 197 0
122 151 91 0
166 -196 164 0
231 -124 36 0
108 -21 164 0
-191 -192 189 0
82 -60 89 0
96 92 -80 0
100 7 81 0
-42 -208 39 0
147 -22 -121 0
-40 -167 -110 0
201 83 -133 0
-177 93 206 0
-196 1 96 0
-89 129 20 0
-111 148 80 0
209 145 216 0
202 51 184 0
-58 82 55 0
-177 117 -220 0
81 207 -245 0
-200 49 -137 0
155 -215 183 0
-199 227 75 0
57 -92 230 0
236 203 -223 0
-97 227 -16 0
48 58 -188 0
-90 -162 234 0
-182 -51 44 0
207 -232 -87 0
-136 203 -169 0
-189 -150 -177 0
-41 -27 180 0
3 24 175 0
54 -87 1 0
-198 62 88 0
194 -54 -32 0
-249 134 80 0
-235 -208 -17 0
67 -198 -159 0
249 198 -55 0
206 -185 149 0
248 -150 120 0
80 64 7 0
-7 -97 38 0
-97 -209 136 0
-81 162 -221 0
-128 -178 -237 0
135 180 -134 0
177 -69 -234 0
-209 -224 -233 0
-91 -122 -248 0
-9 101 238 0
-230 21 -180 0
-196 -6 146 0
-52 44 170 0
31 -63 -28 0
7 9 187 0
182 50 -56 0
143 165 228 0
-28 186 13 0
233 148 218 0
220 -68 -191 0
220 -41 -104 0
113 60 -30 0
150 238 228 0
-232 -67 -77 0
97 235 242 0
152 -123 17 0
-6 137 -2 0
245 147 -58 0
-201 159 -77 0
-69 -105 -52 0
-250 35 -212 0
-118 129 180 0
65 -221 245 0
228 99 -168 0
-208 -93 -206 0
-234 -183 81 0
53 -45 147 0
-133 1 237 0
-140 -237 51 0
244 -135 -131 0
-76 -101 -58 0
208 -92 -116 0
-95 -111 203 0
-219 92 -96 0
217 238 172 0
128 -126 -185 0
-184 12 87 0
-3 5 192 0
-211 45 -162 0
18 213 119 0
57 223 -240 0
78 -14 -103 0
-240 1 -43 0
230 -73 -222 0
-38 -26 -35 0
203 -148 50 0
186 -129 121 0
123 204 64 0
-101 15 128 0
98 -226 139 0
-45 -175 -128 0
-218 -50 117 0
-229 81 28 0
-220 -199 -142 0
-20 -24 -44 0
46 136 -2 0
106 -86 15 0
13 -202 217 0
-149 -247 156 0
175 -167 -139 0
196 229 24 0
10 62 8 0
36 149 51 0
159 45 71 0
-213 161 23 0
-26 180 105 0
177 130 -62 0
147 -17 -80 0
-133 -73 11 0
-250 -200 234 0
5 -101 -200 0
247 -239 -198 0
-38 -161 -48 0
128 137 237 0
-167 -225 -149 0
104 -24 53 0
-176 227 223 0
183 -146 1 0
-117 -147 -84 0
-136 1 98 0
237 98 99 0
-48 -33 174 0
-111 -96 161 0
-163 -139 249 0
-236 116 -173 0
-224 159 -110 0
115 -190 91 0
-213 -70 4 0
-46 106 -178 0
111 175 -165 0
-81 -108 -134 0
-188 -166 74 0
-246 42 186 0
-214 230 108 0
-92 91 95 0
-192 28 127 0
235 118 148 0
68 172 104 0
-167 93 212 0
37 -151 -36 0
122 62 105 0
128 181 -33 0
-66 -86 -129 0
244 142 245 0
-10 -223 109 0
140 217 -14 0
-116 187 -49 0
-176 121 -102 0
102 -123 86 0
-209 231 -134 0
-233 -166 128 0
37 95 135 0
-151 11 10 0
-235 -172 -194 0
-203 82 -224 0
-178 80 212 0
-244 -24 -1 0
96 -185 -232 0
-167 140 -154 0
215 -64 250 0
197 -247 -206 0
55 -172 -78 0
-150 -174 88 0
167 165 147 0
-65 -54 -156 0
-26 -101 175 0
-171 -88 -190 0
-178 -228 -212 0
60 -61 -249 0
193 147 -13 0
214 -208 215 0
-200 49 100 0
-171 -22 -19 0
49 197 5 0
-118 -58 244 0
-153 -24 128 0
-11 68 136 0
-10 -140 -108 0
-31 -86 -216 0
30 -58 55 0
-157 77 80 0
-105 95 -156 0
134 247 1 0
36 31 54 0
208 22 198 0
243 195 -38 0
118 43 212 0
239 -138 -53 0
191 -180 -14 0
-54 -171 16 0
-212 209 163 0
43 158 -200 0
198 98 120 0
-142 -45 -210 0
26 -58 -39 0
-28 -182 55 0
-236 -69 149 0
162 -128 63 0
-160 228 196 0
-161 241 -215 0
-221 72 -236 0
142 211 -201 0
54 -155 -181 0
148 -177 162 0
-145 221 75 0
114 97 -146 0
-124 -43 -181 0
17 13 -64 0
-149 67 126 0
109 -133 113 0
58 45 -125 0
-181 -150 46 0
-192 -134 -223 0
172 -45 -58 0
224 110 54 0
225 -26 182 0
-106 -107 -41 0
-88 187 -147 0
33 -212 192 0
109 -102 222 0
-142 2 -61 0
-33 42 -222 0
145 221 71 0
88 79 -223 0
100 -214 -67 0
83 115 -96 0
-72 71 -177 0
222 216 -206 0
47 214 107 0
36 54 -4 0
175 -133 -112 0
