p cnf 200 800
-128 79 149 0
193 -156 24 0
106 -11 97 0
155 -108 104 0
-15 -130 9 0
108 69 32 0
183 -113 72 0
-7 -160 72 0
22 167 68 0
-197 48 -10 0
-70 110 -34 0
86 -193 119 0
-64 23 -153 0
122 -53 94 0
185 134 78 0
130 147 170 0
114 61 -55 0
-190 161 86 0
189 -153 -49 0
162 -7 54 0
-187 -84 119 0
-83 150 74 0
160 66 -176 0
-29 119 186 0
-188 45 -157 0
9 -99 193 0
181 -147 133 0
-63 -147 -141 0
-36 164 -200 0
188 -120 11 0
-2 39 3 0
-33 164 177 0
173 23 141 0
-25 68 -45 0
-113 -18 34 0
-109 34 -183 0
-141 -32 24 0
-100 -58 -92 0
181 -163 -47 0
89 -173 -73 0
-42 -123 -65 0
192 133 114 0
198 21 54 0
71 -188 -25 0
164 67 50 0
182 175 -58 0
2 7 13 0
-135 -126 -43 0
-71 44 139 0
169 101 16 0
-88 -132 -163 0
42 132 123 0
43 -170 157 0
129 4 -145 0
160 -1 -53 0
-43 141 183 0
-45 -163 8 0
80 161 2 0
58 -60 -55 0
-107 174 35 0
154 74 178 0
27 -63 67 0
-128 -112 -32 0
-29 43 28 0
141 -5 -95 0
-1 -47 -9 0
76 51 -133 0
-158 -22 -52 0
-176 191 76 0
-31 -95 116 0
-199 -68 36 0
-3 162 -143 0
158 51 -182 0
-44 90 51 0
-142 90 195 0
87 -122 9 0
-97 -11 -15 0
-80 96 -174 0
-41 -132 -83 0
52 71 8 0
59 -138 -161 0
152 -29 5 0
142 160 7 0
69 178 -44 0
89 122 -54 0
182 189 28 0
-72 139 180 0
177 -146 -142 0
-105 -153 -160 0
-4 155 -117 0
-88 -107 185 0
-101 -139 -143 0
-125 51 132 0
-196 29 141 0
-116 -63 94 0
113 -135 186 0
63 -167 141 0
80 -64 -200 0
138 135 -25 0
103 147 36 0
-69 -33 -184 0
14 -35 -46 0
-172 27 85 0
163 -80 107 0
55 54 -96 0
190 -16 -183 0
138 -43 144 0
-102 41 -55 0
86 72 179 0
-174 148 -53 0
66 -188 -69 0
-76 -150 -105 0
65 -118 -125 0
165 22 -30 0
-45 79 41 0
-136 -199 -105 0
-96 176 189 0
-164 114 -185 0
-16 3 66 0
-196 -192 21 0
-154 -166 -147 0
-8 10 -14 0
-114 131 32 0
77 37 142 0
173 75 -136 0
187 134 186 0
-49 126 -4 0
-133 -85 -149 0
-25 130 153 0
180 178 -46 0
-25 182 191 0
-63 98 97 0
188 -127 -74 0
65 -190 127 0
172 -27 140 0
58 -93 -148 0
3 -45 -72 0
-134 -24 -68 0
-68 -194 -64 0
171 152 -41 0
-117 78 -172 0
-183 -146 -84 0
-163 167 24 0
137 80 148 0
-63 128 -123 0
-173 -22 -159 0
97 -61 132 0
-77 164 -139 0
152 -161 -71 0
4 -31 -141 0
-118 195 -17 0
-102 106 -30 0
10 -38 -67 0
-200 -188 -150 0
164 -66 110 0
1 166 185 0
-117 148 -7 0
-52 2 81 0
66 -18 -92 0
111 24 -154 0
-161 -22 30 0
43 77 -155 0
7 -112 -107 0
174 -7 21 0
28 6 -30 0
144 -92 172 0
94 27 -37 0
-100 101 147 0
-54 -109 -121 0
-56 -22 -200 0
-174 -110 68 0
71 -69 2 0
-111 -135 -74 0
106 131 168 0
153 -1 -111 0
-94 -86 125 0
97 -74 -100 0
-119 -107 50 0
119 -83 29 0
70 -94 23 0
23 -28 184 0
-85 25 180 0
199 -192 196 0
-142 -116 53 0
-99 -17 3 0
-192 -84 -19 0
-87 -9 179 0
-183 -104 195 0
-6 196 -73 0
-6 187 -175 0
76 159 121 0
91 -42 43 0
110 30 176 0
162 100 -29 0
56 -38 -188 0
-197 -105 -126 0
95 80 -148 0
-32 -142 -100 0
-105 74 15 0
89 154 -179 0
-7 -126 -85 0
28 6 -45 0
4 -117 -43 0
-40 120 48 0
129 -191 -164 0
-47 -17 152 0
97 44 -20 0
-167 -141 -97 0
-198 -52 -145 0
-9 176 -171 0
175 -117 88 0
-22 -135 -155 0
-179 -97 165 0
-69 40 196 0
-30 76 15 0
150 -189 -131 0
192 6 -155 0
198 113 -158 0
121 24 -64 0
128 -122 -33 0
-47 -94 -164 0
-19 114 66 0
111 168 -8 0
166 68 105 0
-15 -154 -189 0
-56 -67 159 0
-36 -20 48 0
59 88 -198 0
133 134 -35 0
-149 -171 -34 0
-146 184 105 0
-100 -91 -119 0
-16 166 135 0
-72 -12 -179 0
113 -145 -86 0
85 -87 -150 0
-132 148 -194 0
-141 -170 81 0
-109 190 10 0
-19 -188 -139 0
57 59 -103 0
79 93 -114 0
-153 -62 -127 0
62 -64 -134 0
-107 71 -13 0
-74 -170 61 0
-100 85 10 0
-95 -101 -63 0
-8 156 -92 0
-200 -163 -46 0
141 -128 -77 0
180 -26 155 0
151 102 180 0
68 -63 163 0
87 -47 161 0
-31 -167 -182 0
82 -91 25 0
31 57 -116 0
-168 -133 -78 0
38 86 -118 0
-69 147 56 0
127 -68 101 0
181 -76 49 0
160 -166 197 0
26 106 -183 0
-125 -107 115 0
-138 -193 -129 0
49 145 -3 0
68 -83 188 0
-31 82 114 0
-179 -200 87 0
-34 -10 142 0
-91 192 4 0
103 144 68 0
55 -187 177 0
-59 195 69 0
-152 32 56 0
59 2 37 0
-198 188 177 0
-30 -160 191 0
-189 107 53 0
145 -74 119 0
131 184 36 0
-188 -140 -108 0
91 8 -182 0
-170 194 32 0
67 -164 2 0
76 -12 -159 0
90 128 -76 0
149 100 -155 0
-51 -15 86 0
120 198 -141 0
54 186 69 0
152 13 58 0
-126 -6 196 0
124 77 -39 0
18 -191 80 0
26 -164 104 0
-69 30 114 0
-116 -191 137 0
41 -73 -46 0
-134 -43 -36 0
41 -158 -143 0
-126 -94 36 0
15 96 134 0
-26 -157 -45 0
-167 -34 100 0
162 -35 80 0
199 152 114 0
42 -93 -13 0
-48 8 -4 0
-188 40 130 0
171 -57 103 0
105 -125 46 0
41 11 30 0
12 198 -81 0
1 -147 -152 0
-192 -155 -49 0
14 121 149 0
-7 -144 -119 0
-90 -79 193 0
-6 82 20 0
-38 -82 134 0
-195 -117 -52 0
23 5 67 0
109 198 68 0
131 183 69 0
-180 -2 -150 0
104 163 74 0
141 68 143 0
24 -16 -105 0
66 -193 -25 0
10 -123 115 0
-119 66 98 0
-101 133 -45 0
156 -105 67 0
97 108 -172 0
33 159 -153 0
39 -88 8 0
-154 -129 132 0
125 192 38 0
3 94 -28 0
63 -188 197 0
-18 -90 138 0
61 -12 168 0
116 -180 127 0
38 -55 184 0
109 155 -175 0
-128 -24 -52 0
68 9 141 0
-6 -188 171 0
-132 -137 148 0
-183 176 -151 0
40 -107 -46 0
-60 133 44 0
129 78 9 0
154 24 108 0
-1 76 178 0
117 -197 166 0
-197 75 -183 0
-93 -168 -74 0
-127 83 -109 0
-90 187 -63 0
54 -63 122 0
95 -102 168 0
171 137 152 0
-87 -70 64 0
119 -155 -181 0
19 -62 177 0
92 110 150 0
-63 -66 -136 0
69 70 -127 0
-159 -135 196 0
166 -103 64 0
144 155 -15 0
183 -38 -48 0
49 2 107 0
-54 -68 53 0
-73 152 142 0
189 105 -27 0
84 -11 -166 0
-35 45 61 0
152 -79 -38 0
67 171 -133 0
-71 -199 -184 0
32 -126 -35 0
-160 123 -2 0
131 25 54 0
-129 -92 -41 0
-30 147 -93 0
45 77 15 0
-121 -188 -164 0
168 162 -106 0
-17 -98 53 0
-169 57 17 0
-56 25 148 0
-4 -15 -114 0
-93 144 -60 0
168 128 86 0
-170 98 -43 0
-107 -121 90 0
-155 -104 56 0
106 189 39 0
-19 -99 -194 0
105 125 6 0
-102 -99 119 0
21 27 186 0
-160 198 -42 0
82 150 169 0
16 65 116 0
-116 -76 28 0
34 86 57 0
-99 -163 -19 0
-191 -10 157 0
-47 106 143 0
-40 98 15 0
34 103 95 0
-115 133 -129 0
199 -33 -142 0
-112 6 -189 0
121 -175 152 0
-72 9 -62 0
-90 -171 -128 0
-139 21 -119 0
-15 -48 40 0
71 -78 16 0
-42 -144 -67 0
-122 53 -97 0
51 -135 -77 0
-123 -165 55 0
-120 17 -124 0
-90 -199 -110 0
33 -107 195 0
155 -68 191 0
-113 192 -182 0
-165 -53 -99 0
71 -36 -70 0
150 194 79 0
187 -111 179 0
178 -147 -81 0
-4 -174 -178 0
-111 88 125 0
-185 -163 -191 0
-33 -40 152 0
135 -82 -27 0
-91 132 137 0
-86 -156 -190 0
154 -179 -25 0
60 -147 70 0
157 -139 186 0
88 15 153 0
-125 20 -194 0
-131 124 5 0
2 -104 -200 0
63 -5 60 0
-14 -46 71 0
-55 127 24 0
-196 -51 -61 0
-113 170 188 0
175 81 -64 0
64 -19 -175 0
-75 -52 -122 0
120 -81 -129 0
-89 -38 25 0
176 149 30 0
136 -155 -171 0
-158 -79 -6 0
-72 140 -85 0
47 183 -147 0
116 -166 38 0
152 -78 79 0
-81 -23 -164 0
88 -8 116 0
188 169 -53 0
72 191 129 0
173 1 -143 0
-86 -182 44 0
-127 -71 -27 0
-182 46 141 0
-110 169 -107 0
79 -36 126 0
-85 45 -1 0
10 18 125 0
73 -196 -117 0
200 140 -197 0
-143 -105 167 0
192 42 -102 0
-179 28 125 0
-150 -83 -71 0
-179 -173 -103 0
-189 -53 185 0
-125 160 -87 0
32 174 -119 0
-161 -110 108 0
-5 -87 98 0
19 -195 -155 0
-121 43 -54 0
171 -164 -74 0
-21 73 193 0
4 115 -151 0
79 93 -128 0
131 -64 67 0
-190 -150 -108 0
54 -7 5 0
-26 110 -57 0
72 75 -138 0
105 16 -158 0
-125 57 -149 0
8 -138 -28 0
44 36 -124 0
-154 89 148 0
55 100 78 0
46 -166 54 0
-128 -197 136 0
136 197 -21 0
83 53 -38 0
-80 176 156 0
149 -169 22 0
188 54 34 0
168 17 -97 0
-69 -177 -14 0
200 -27 -146 0
23 194 173 0
130 31 73 0
119 -22 -108 0
79 52 74 0
-52 2 141 0
-83 62 -42 0
-45 120 -101 0
-189 10 -53 0
-54 109 183 0
-96 160 182 0
-102 -164 -3 0
52 25 68 0
-52 19 98 0
110 118 161 0
-186 161 191 0
-72 -75 194 0
52 -92 -87 0
103 -99 191 0
-153 10 -199 0
79 72 -50 0
55 59 -12 0
-22 -68 -76 0
-118 107 -182 0
-165 -60 -27 0
-184 -28 -77 0
-97 136 198 0
181 -63 -57 0
9 31 47 0
-170 122 18 0
-17 62 -121 0
-65 -139 -111 0
1 107 83 0
105 -158 -165 0
177 8 37 0
-149 104 -77 0
-162 9 -112 0
-161 -170 -47 0
87 29 89 0
-55 -32 -177 0
-52 -121 -190 0
64 176 -110 0
-190 137 -20 0
183 -64 -59 0
99 -73 -20 0
-34 -99 162 0
-97 2 32 0
53 -98 72 0
56 -137 -161 0
49 77 -28 0
89 -148 -112 0
156 74 136 0
-94 72 180 0
200 100 -82 0
171 -50 18 0
45 -194 62 0
-131 -2 154 0
-142 11 -111 0
-108 -16 -199 0
-136 -148 -103 0
86 183 -79 0
-112 -196 200 0
-103 28 -196 0
-77 -3 190 0
-104 -130 -57 0
70 25 28 0
-123 134 -13 0
-4 -146 -82 0
-44 -138 -94 0
98 -144 62 0
143 55 15 0
-37 -50 85 0
77 32 -117 0
-23 8 -144 0
-31 -8 185 0
176 194 -126 0
-190 -192 -17 0
-84 -171 195 0
119 91 69 0
130 -180 -17 0
-143 -133 86 0
147 -113 -103 0
-23 -161 -181 0
-79 69 -187 0
165 85 198 0
-61 -194 -47 0
-104 -117 115 0
-105 -128 -51 0
111 -143 -31 0
-82 -130 94 0
172 111 118 0
-156 -24 -83 0
-49 161 -130 0
-137 -37 -113 0
3 84 141 0
-25 9 -99 0
-132 -113 -133 0
-9 -170 129 0
95 141 -16 0
-138 96 -163 0
89 42 -48 0
125 -7 -21 0
-77 -135 156 0
51 186 163 0
163 58 106 0
74 199 -163 0
-40 24 -84 0
176 133 150 0
43 191 174 0
-36 -42 138 0
199 -113 151 0
65 6 -168 0
-124 -109 9 0
-129 94 -50 0
130 26 -133 0
-148 70 -29 0
145 -30 25 0
-172 -48 59 0
171 56 -9 0
25 -89 105 0
49 177 -102 0
-81 166 -20 0
-97 -99 -103 0
-9 193 65 0
1 182 -76 0
-115 -46 40 0
-159 -169 61 0
-79 -72 127 0
151 -79 192 0
37 93 -32 0
118 92 -85 0
49 -125 88 0
-80 -54 -113 0
-140 -183 26 0
120 113 41 0
136 -132 -118 0
127 -193 186 0
20 177 -76 0
7 73 -175 0
-111 -82 101 0
-71 -68 22 0
1 -131 115 0
-99 -138 67 0
134 -110 50 0
-159 -200 -96 0
-170 -70 -37 0
-163 32 -136 0
47 153 -127 0
54 132 -47 0
-162 51 130 0
152 -56 -83 0
72 -134 197 0
-49 -88 -113 0
-97 -118 167 0
177 41 196 0
100 171 47 0
60 76 5 0
99 -50 -145 0
-148 -181 -128 0
-89 -175 79 0
-153 53 -97 0
-138 -82 -85 0
125 168 -160 0
187 121 172 0
65 -170 113 0
37 -109 57 0
117 -196 -25 0
-126 53 -23 0
104 124 -54 0
193 197 167 0
-81 1 -92 0
-88 83 108 0
-135 52 149 0
-186 -47 191 0
131 143 -51 0
-125 55 -174 0
-24 116 53 0
149 -128 174 0
81 -116 73 0
51 -117 -161 0
-98 -131 62 0
-80 -199 173 0
25 107 153 0
-40 -110 -114 0
161 -55 197 0
135 -65 -29 0
152 -31 15 0
-62 -82 144 0
-98 -60 126 0
-196 17 146 0
149 70 -26 0
-15 70 -115 0
92 59 -86 0
152 75 84 0
107 1 190 0
30 88 114 0
-117 194 155 0
22 99 121 0
-62 41 -142 0
-130 -124 126 0
32 111 -98 0
18 -117 92 0
-124 34 86 0
39 7 -8 0
72 152 24 0
-112 75 199 0
36 30 -103 0
-1 -22 -35 0
-174 -162 -52 0
-61 -51 180 0
194 -128 25 0
-52 -120 -140 0
151 -106 198 0
-77 183 -57 0
139 -97 137 0
171 -125 163 0
46 123 191 0
-132 -187 -177 0
-141 156 133 0
27 -165 -180 0
131 -98 94 0
-70 -102 -155 0
-87 76 77 0
-125 -16 2 0
-22 -38 35 0
156 -128 -112 0
-118 -141 131 0
79 74 95 0
5 -193 -67 0
-138 -149 -102 0
37 193 169 0
-198 -67 -135 0
127 -150 139 0
-82 123 -69 0
18 -88 -15 0
141 102 53 0
-184 21 188 0
8 162 -80 0
44 55 193 0
-189 -173 -154 0
101 -139 -150 0
-88 7 -93 0
104 -67 -161 0
45 13 -131 0
86 -158 144 0
-47 100 -105 0
193 90 -180 0
113 93 -75 0
-186 -9 -24 0
-165 46 74 0
55 -90 67 0
1 -101 98 0
193 -102 67 0
47 -46 -102 0
9 52 -140 0
-178 -157 84 0
-106 83 -140 0
-197 -193 -80 0
164 -184 98 0
165 -92 147 0
25 -178 -33 0
-182 129 102 0
39 18 13 0
-91 12 80 0
-66 -47 106 0
-25 133 -60 0
198 -63 132 0
-111 68 -74 0
-51 126 -89 0
-18 35 12 0
95 -58 -34 0
-110 -111 88 0
79 -62 187 0
-116 -46 -1 0
48 -184 -51 0
141 39 195 0
-56 85 -38 0
42 175 11 0
3 71 153 0
