p cnf 300 1200
227 -195 54 0
-252 -150 -136 0
-258 116 247 0
-116 203 118 0
-74 -79 267 0
-141 116 -256 0
280 168 -289 0
-64 -13 21 0
61 -69 -237 0
-220 204 -44 0
132 -257 66 0
38 -239 136 0
-132 209 96 0
263 19 -28 0
-155 -210 -299 0
-256 106 -25 0
-272 196 104 0
122 237 283 0
47 56 221 0
-52 -203 151 0
-120 -270 65 0
36 272 244 0
-224 -39 195 0
-99 -63 -27 0
192 -212 -251 0
46 -17 -121 0
13 147 129 0
254 -264 -218 0
150 -65 -292 0
-17 297 188 0
193 -294 -225 0
-239 118 -53 0
270 187 -90 0
120 -271 201 0
298 287 84 0
-275 -281 222 0
140 19 118 0
149 83 -253 0
161 -18 237 0
247 59 6 0
284 23 20 0
-227 -235 -216 0
18 -151 91 0
99 90 157 0
-73 118 -220 0
-249 -157 -300 0
-104 228 102 0
-102 145 -238 0
112 -300 -207 0
-84 -202 168 0
-62 -100 281 0
167 -235 -190 0
266 -254 171 0
115 76 -243 0
16 102 177 0
-293 -45 -272 0
205 61 95 0
-66 161 -232 0
-188 -183 180 0
19 250 -158 0
-213 -67 150 0
170 140 -166 0
292 129 -289 0
239 281 263 0
-199 -260 182 0
265 -154 -108 0
-29 -281 -46 0
-77 215 -131 0
-243 125 -171 0
268 -189 -256 0
270 -187 130 0
-157 118 -131 0
-166 229 -99 0
-39 162 -98 0
-82 -110 -33 0
118 182 -177 0
-162 41 36 0
284 199 15 0
122 -77 38 0
113 -288 -22 0
225 -190 179 0
22 -168 87 0
147 81 -266 0
77 201 -104 0
115 185 76 0
-124 166 110 0
218 -13 107 0
-114 289 236 0
-227 -210 -122 0
55 135 200 0
237 -255 -284 0
-104 -126 79 0
-63 -286 270 0
-202 223 129 0
146 -292 52 0
19 35 30 0
104 153 267 0
-246 148 237 0
-3 138 6 0
-98 26 -233 0
143 -8 44 0
232 -215 -69 0
96 178 -134 0
-174 -116 -96 0
-287 -208 26 0
-242 247 1 0
235 -163 -35 0
300 124 -223 0
133 -135 -185 0
-261 192 -293 0
31 23 -143 0
48 -59 214 0
-299 285 132 0
96 228 -35 0
62 -216 169 0
-143 -27 -135 0
124 126 122 0
69 -212 281 0
48 134 232 0
87 82 -102 0
86 21 -206 0
-106 60 -47 0
19 149 -150 0
-67 -39 -248 0
244 187 -251 0
272 17 97 0
128 -132 -29 0
271 141 6 0
33 45 -214 0
11 55 279 0
-35 -70 -127 0
12 -90 105 0
25 204 -55 0
176 26 89 0
195 -281 107 0
-112 -26 108 0
128 184 120 0
-276 -4 -161 0
-103 98 -152 0
38 -150 192 0
-65 -229 83 0
97 88 101 0
-38 -292 85 0
287 50 -237 0
206 -101 268 0
261 275 -34 0
-56 -79 -137 0
63 153 -131 0
-231 -232 -47 0
-20 59 -142 0
-281 154 188 0
89 32 -197 0
-75 -269 85 0
-63 -25 196 0
273 145 76 0
-14 -175 53 0
48 -276 223 0
19 144 -30 0
-104 298 185 0
-147 242 16 0
-179 -53 -249 0
142 201 37 0
-199 115 -12 0
-234 -133 284 0
18 96 293 0
-216 34 49 0
-220 276 41 0
226 149 273 0
-282 127 109 0
51 225 -297 0
-149 126 125 0
-24 -219 68 0
98 55 206 0
-49 -58 -174 0
-61 55 -199 0
-268 -287 53 0
-4 157 -126 0
134 -149 225 0
-173 166 -284 0
18 28 180 0
-59 -123 280 0
249 56 59 0
-144 -268 25 0
219 121 -83 0
-135 118 202 0
-78 216 89 0
-182 104 30 0
-241 56 216 0
97 122 -95 0
21 167 265 0
-194 155 -250 0
112 -91 -126 0
119 19 -94 0
-198 -269 209 0
-158 -155 -22 0
-266 -235 -179 0
139 205 66 0
288 -154 212 0
17 204 -5 0
-282 286 -109 0
290 176 104 0
245 -289 -136 0
164 203 33 0
-83 -28 -34 0
172 -264 80 0
-72 -189 213 0
229 41 -99 0
299 246 -160 0
-55 -274 -33 0
-73 78 86 0
195 7 160 0
15 125 -262 0
-249 -43 113 0
152 -227 51 0
107 123 -262 0
278 98 31 0
190 234 9 0
-261 -122 12 0
183 274 110 0
148 179 213 0
33 70 -145 0
40 1 -30 0
-61 296 -134 0
220 -23 55 0
195 -24 244 0
17 268 -139 0
233 -191 -295 0
-83 -213 -169 0
111 -61 269 0
184 100 -198 0
-275 -207 17 0
242 258 -241 0
-79 -242 -141 0
-3 274 -145 0
-62 12 31 0
239 294 -210 0
173 96 267 0
133 -81 -153 0
-4 -55 -107 0
-192 282 -78 0
272 140 -66 0
271 114 159 0
-179 30 -109 0
93 194 274 0
-266 -131 128 0
218 -15 108 0
108 -298 73 0
-181 -222 -299 0
-165 152 189 0
-267 243 -218 0
-50 231 178 0
-42 191 180 0
200 -40 -271 0
47 -254 -131 0
172 -276 199 0
67 204 244 0
189 -6 270 0
-177 -268 -298 0
-51 29 28 0
32 62 255 0
103 -75 102 0
223 -259 151 0
-161 62 278 0
-83 -170 129 0
-107 243 117 0
-162 84 -283 0
196 252 -269 0
298 152 232 0
273 -222 28 0
250 -183 5 0
260 -254 -194 0
156 -296 -226 0
88 -53 -97 0
82 -263 105 0
-221 93 -44 0
250 -221 72 0
-85 279 35 0
205 -220 -265 0
265 170 -36 0
-132 -33 180 0
-179 241 3 0
126 67 -75 0
-261 99 -53 0
-51 -101 -172 0
171 294 -180 0
-198 -162 112 0
-79 188 -15 0
-277 -121 -126 0
101 192 -297 0
299 233 -194 0
17 -260 -130 0
154 -21 74 0
100 -287 -101 0
-162 -56 13 0
4 93 -62 0
-174 184 113 0
135 -98 115 0
41 -56 -164 0
148 -292 -3 0
152 -88 -76 0
72 118 260 0
222 -164 237 0
282 -13 120 0
232 -63 209 0
15 -292 -293 0
229 198 142 0
41 -233 -115 0
-180 -64 250 0
-194 216 67 0
-290 219 56 0
266 -300 -19 0
157 -253 -90 0
-101 262 -161 0
27 180 287 0
286 55 39 0
-157 115 113 0
-18 -52 210 0
182 109 -145 0
-9 -16 -73 0
58 27 258 0
-143 189 17 0
-264 216 -205 0
5 -145 -190 0
-271 289 -160 0
-70 -27 282 0
-86 169 -12 0
-114 -195 288 0
-250 -115 198 0
276 -293 250 0
9 208 34 0
-179 153 -87 0
179 155 157 0
-2 90 -99 0
-116 -108 277 0
-130 -256 -277 0
-121 -161 -74 0
202 -238 71 0
109 -23 -35 0
-110 148 -191 0
-91 -193 119 0
-37 266 273 0
214 -253 -1 0
56 264 -186 0
105 234 274 0
-124 79 134 0
153 188 -273 0
24 -61 98 0
100 -262 183 0
-6 -253 296 0
-288 -155 186 0
-78 -1 -65 0
-90 -236 240 0
-125 201 142 0
-89 -16 -223 0
-100 -214 -215 0
-124 -268 33 0
-237 -260 -81 0
-34 111 -275 0
219 -114 94 0
30 122 130 0
-257 -52 229 0
143 146 137 0
290 20 27 0
-231 132 -83 0
-257 175 -236 0
-66 215 -81 0
184 -89 19 0
-105 24 244 0
99 -45 -210 0
-79 177 -208 0
100 230 135 0
-2 102 -171 0
81 245 221 0
251 178 145 0
-37 260 -155 0
132 178 139 0
-85 56 -75 0
-23 8 50 0
221 -89 -72 0
-60 62 -224 0
-117 -61 -122 0
-287 271 13 0
-36 -273 -89 0
184 -95 296 0
170 118 98 0
4 -198 275 0
-58 -125 -26 0
280 89 -137 0
-52 -2 -140 0
280 -73 60 0
-262 43 -46 0
55 276 154 0
190 37 172 0
-130 109 184 0
114 282 28 0
-186 228 60 0
-287 -256 9 0
293 -117 -86 0
220 240 -258 0
-73 145 34 0
-71 -88 -29 0
286 5 -101 0
65 -278 -202 0
95 -187 269 0
149 296 266 0
-140 -172 246 0
-78 85 -127 0
131 -66 -58 0
-254 18 -61 0
156 -2 228 0
-202 79 184 0
47 256 -251 0
-44 -150 -196 0
68 -287 -92 0
-131 251 128 0
-256 23 141 0
269 86 -298 0
72 41 -51 0
-194 -282 114 0
-223 114 -212 0
236 285 104 0
185 -211 246 0
-200 -6 76 0
-62 -232 -115 0
191 -2 -99 0
-31 87 -161 0
119 -138 42 0
33 -40 -214 0
163 -196 202 0
-167 57 65 0
29 -226 -35 0
232 168 47 0
-229 249 19 0
86 -249 -157 0
-283 251 73 0
282 189 -261 0
98 -190 -11 0
229 100 69 0
-34 283 57 0
-19 15 -233 0
-260 154 -281 0
29 -79 -262 0
-277 166 -229 0
188 -77 -270 0
126 -23 -211 0
25 124 -293 0
-9 -91 -135 0
172 217 -125 0
-173 -150 -298 0
100 -49 -117 0
-117 -132 18 0
-59 33 252 0
-245 -256 -105 0
-62 -73 155 0
76 -176 -18 0
72 -46 -53 0
-6 277 160 0
3 -243 -203 0
-55 -126 13 0
34 50 -284 0
241 -155 104 0
188 -135 -93 0
87 -172 -299 0
-215 -201 114 0
164 32 199 0
-143 -19 -150 0
-166 156 -204 0
-22 255 14 0
76 -31 -222 0
33 -253 -7 0
230 42 -280 0
-88 -105 35 0
46 84 43 0
270 -201 -99 0
297 25 201 0
-287 29 -63 0
260 -41 -95 0
-105 -7 -75 0
77 214 243 0
-246 294 -144 0
-51 -86 263 0
236 -225 -48 0
30 -188 151 0
-194 29 -118 0
254 265 297 0
285 -60 -207 0
-51 222 143 0
46 -66 -22 0
-213 238 112 0
-79 65 -37 0
278 -71 83 0
-132 -48 -125 0
-272 275 -28 0
18 -92 -188 0
232 -192 -213 0
182 232 120 0
-60 272 204 0
63 280 23 0
117 227 41 0
-104 270 291 0
50 -146 14 0
185 -128 6 0
70 -3 72 0
-225 -153 -296 0
-39 128 -245 0
255 -284 235 0
-104 144 190 0
-91 204 133 0
-242 -199 -114 0
-26 21 2 0
-220 61 87 0
251 -20 -148 0
201 295 122 0
-153 -49 68 0
113 -262 247 0
-226 -55 234 0
57 15 218 0
170 -148 182 0
-34 79 114 0
-14 -295 -13 0
96 -179 212 0
286 84 -16 0
-120 -107 30 0
145 202 -275 0
-170 -280 6 0
53 25 115 0
-273 5 -79 0
-230 -203 -184 0
-43 -289 -290 0
99 210 120 0
252 -116 110 0
-34 30 -42 0
-277 -83 3 0
-68 265 211 0
-271 -211 -122 0
171 175 -260 0
-269 -188 -159 0
131 31 194 0
202 291 242 0
34 273 67 0
59 293 -107 0
-139 255 -119 0
-252 -282 -150 0
-137 -133 -145 0
49 -241 -102 0
142 18 -48 0
285 82 -91 0
236 -233 -223 0
155 -25 89 0
-191 139 -287 0
-60 206 78 0
-64 197 -267 0
-43 292 49 0
-99 -125 -164 0
-2 -76 -249 0
-129 286 -194 0
-187 207 -183 0
3 276 -164 0
-164 -133 151 0
-265 -38 -42 0
-10 -68 199 0
68 32 -63 0
-285 279 116 0
-182 271 41 0
199 210 281 0
-133 109 221 0
229 255 -225 0
81 -166 -109 0
-62 58 185 0
-294 26 -116 0
186 55 -51 0
282 -10 169 0
-63 115 240 0
-185 113 264 0
-216 -252 245 0
16 91 -184 0
53 181 257 0
41 71 122 0
284 -272 41 0
119 -170 249 0
-44 121 56 0
-55 -18 -239 0
-153 -157 289 0
192 -12 206 0
-74 180 31 0
-174 -123 182 0
65 -231 -26 0
-138 -172 256 0
-129 160 -39 0
-60 -234 -50 0
145 -215 260 0
-153 -3 -89 0
-30 92 -156 0
-82 131 -283 0
-5 142 -272 0
141 -171 102 0
239 211 105 0
273 286 13 0
268 117 30 0
-43 21 262 0
-229 196 -47 0
274 -165 111 0
189 93 -122 0
-188 -254 -3 0
-95 47 -128 0
229 -22 239 0
-47 142 -186 0
297 -164 -193 0
-52 -58 296 0
-70 206 -169 0
258 -249 -190 0
170 233 -110 0
-261 191 130 0
187 -229 174 0
-62 6 97 0
-92 -290 -185 0
-206 22 277 0
103 -284 214 0
-60 -64 -95 0
260 248 209 0
299 74 48 0
-258 -257 245 0
-16 69 -228 0
166 59 249 0
194 56 -78 0
-278 -182 -183 0
7 -145 -208 0
56 271 -148 0
297 -273 68 0
-69 -246 -11 0
38 46 -28 0
192 -5 -223 0
-82 -280 -13 0
-78 -38 -246 0
185 162 -152 0
198 -274 185 0
58 45 -239 0
-198 48 -65 0
292 70 -212 0
38 -79 -105 0
255 203 100 0
-195 159 33 0
-108 -95 83 0
-44 220 192 0
-193 -27 -38 0
9 -165 57 0
-216 13 -282 0
-243 35 -47 0
113 -231 259 0
123 4 -32 0
184 -126 -165 0
-295 154 -21 0
-162 -202 -101 0
159 285 43 0
-242 -121 106 0
-93 90 -276 0
-206 -49 -153 0
291 254 14 0
92 -130 285 0
-201 56 -70 0
287 111 255 0
236 264 18 0
180 -74 27 0
-226 30 3 0
-125 294 -30 0
-142 -243 93 0
-253 182 293 0
-173 193 113 0
133 -70 248 0
-228 -69 130 0
27 -86 -154 0
-254 -68 103 0
279 -211 120 0
40 -262 -235 0
50 55 -180 0
-258 161 -204 0
-198 -32 -251 0
-112 7 293 0
14 298 217 0
87 -125 267 0
-101 133 -46 0
-159 233 229 0
211 -85 134 0
206 92 -268 0
-133 254 -148 0
-31 209 189 0
-98 172 -82 0
-295 -192 113 0
100 19 -127 0
-267 -134 -83 0
183 144 -58 0
210 -142 76 0
-188 -1 -51 0
-251 -95 -165 0
228 202 84 0
166 -38 -139 0
118 254 -146 0
3 -86 -85 0
182 11 -291 0
281 220 -30 0
208 -288 267 0
20 258 -89 0
-214 -295 145 0
287 219 293 0
164 295 198 0
-223 -253 59 0
295 -124 -9 0
5 119 13 0
51 66 -184 0
-53 -54 -124 0
281 -214 85 0
193 -206 -190 0
-29 50 -244 0
-103 286 289 0
300 -271 -68 0
29 -176 255 0
-180 105 -6 0
258 -289 -208 0
218 224 262 0
134 240 233 0
-71 59 11 0
192 -212 -57 0
16 -26 -228 0
291 -290 -86 0
272 -221 -64 0
-300 -160 187 0
-125 -177 45 0
110 241 -162 0
196 49 229 0
-93 -299 242 0
-212 -170 176 0
-293 108 240 0
-274 -202 169 0
296 -225 -185 0
188 15 201 0
-87 -24 275 0
-273 8 -224 0
133 -242 -232 0
-167 -199 -258 0
-104 -142 -78 0
-82 -156 -271 0
-194 -87 228 0
-21 200 281 0
56 298 172 0
108 229 -285 0
-180 263 37 0
-262 180 -232 0
195 207 149 0
101 172 48 0
113 -60 -64 0
-230 220 -282 0
142 -194 -25 0
91 215 9 0
15 -215 -102 0
31 -166 -105 0
-32 -93 -266 0
-27 152 -131 0
268 -31 176 0
142 244 265 0
64 37 121 0
-106 -224 117 0
-118 -173 -124 0
268 -152 273 0
-13 108 -217 0
-19 -159 -186 0
-62 176 -259 0
253 -199 -10 0
83 -39 126 0
157 115 -128 0
254 33 -91 0
-22 259 -18 0
259 -228 23 0
-264 -164 -134 0
39 273 -101 0
13 216 -242 0
42 126 -212 0
-240 -143 -159 0
137 -171 126 0
113 -296 -210 0
-256 218 152 0
54 -262 -139 0
-37 -69 -242 0
105 127 51 0
-157 -215 126 0
288 213 -87 0
252 -289 -36 0
221 162 -174 0
-78 -163 20 0
109 -15 -217 0
77 -7 172 0
177 138 181 0
-171 59 12 0
-119 -105 -114 0
296 128 179 0
-286 146 125 0
-290 -23 279 0
72 -77 212 0
-251 19 26 0
159 200 47 0
233 69 -214 0
81 66 -196 0
-261 172 204 0
34 -188 -213 0
-171 -192 -79 0
-159 -32 -161 0
-14 176 250 0
-39 110 2 0
-216 -167 -279 0
-48 -67 -193 0
-87 -245 284 0
-14 -131 -257 0
-208 293 123 0
82 -137 -117 0
83 62 158 0
293 -118 -65 0
119 -254 -12 0
-73 231 -67 0
-294 63 271 0
-44 299 285 0
140 -166 41 0
-170 -8 159 0
-50 136 223 0
37 -158 197 0
-241 259 155 0
5 249 -71 0
-168 281 261 0
157 -44 13 0
252 -143 -72 0
241 150 276 0
69 -300 286 0
-191 -146 -106 0
166 87 252 0
279 30 -179 0
13 -106 117 0
289 275 193 0
284 -208 238 0
271 254 -223 0
-285 -215 -37 0
-56 -193 -241 0
268 111 255 0
-57 19 -231 0
-184 165 195 0
-235 -263 268 0
-226 70 281 0
246 -256 20 0
203 -227 133 0
-46 -163 -19 0
-213 196 175 0
-297 110 -271 0
-170 -49 -276 0
277 229 70 0
-56 -166 161 0
30 -87 -72 0
144 48 263 0
-90 41 39 0
62 -158 200 0
272 85 -96 0
-206 -6 183 0
106 -155 178 0
33 255 -52 0
-175 -68 -210 0
130 192 5 0
56 -44 33 0
-148 250 -1 0
120 -225 207 0
-136 74 123 0
-197 123 -291 0
70 -218 84 0
-263 -41 -282 0
-212 -142 -95 0
-142 -35 -109 0
58 -286 166 0
154 22 268 0
-227 -140 111 0
68 -299 170 0
-10 -80 -247 0
-191 -231 274 0
-289 113 172 0
53 1 76 0
183 259 200 0
199 -228 245 0
78 -246 175 0
160 97 161 0
170 -300 200 0
-183 -81 130 0
-36 -287 88 0
217 154 106 0
255 293 174 0
-222 257 265 0
123 30 216 0
229 116 117 0
-118 272 190 0
-220 -100 155 0
127 236 32 0
-46 162 -73 0
-250 -15 -31 0
38 -133 19 0
96 -296 274 0
74 205 207 0
-91 102 -164 0
270 -62 77 0
-30 -177 255 0
-192 223 67 0
205 250 -143 0
-44 -132 -123 0
-42 77 122 0
216 -272 -104 0
-186 293 -177 0
145 -56 -119 0
-23 -128 71 0
298 -128 101 0
3 277 224 0
39 -134 128 0
-135 236 -3 0
293 -193 14 0
59 -236 107 0
-160 55 42 0
115 -186 110 0
-206 -264 -292 0
-11 -160 -76 0
260 40 -220 0
-129 125 -281 0
-18 -287 -34 0
259 138 46 0
-87 237 -137 0
-219 57 -234 0
68 294 26 0
281 219 101 0
-54 263 -34 0
-161 -268 67 0
147 34 -208 0
-3 205 -94 0
143 -94 -248 0
7 295 290 0
207 -62 -288 0
-114 -236 105 0
-34 2 260 0
81 -103 -242 0
-62 52 88 0
24 146 43 0
-237 -121 -118 0
-216 -196 157 0
127 211 -239 0
170 21 -40 0
-279 182 124 0
-113 237 -194 0
-81 231 202 0
-269 -114 20 0
51 -33 -260 0
-106 173 -119 0
-87 29 128 0
122 151 -23 0
-252 217 124 0
15 -94 51 0
-199 152 -256 0
-139 -125 -73 0
-24 278 -108 0
-277 227 258 0
-2 -269 152 0
78 199 -211 0
174 -225 -184 0
222 -271 15 0
-173 -122 -200 0
-235 205 -259 0
-77 -164 -131 0
88 46 151 0
133 22 -294 0
3 62 -290 0
-100 157 188 0
-54 137 -94 0
231 257 -205 0
107 144 -249 0
223 -215 -8 0
-83 -249 -48 0
-290 -33 -146 0
-144 -106 69 0
167 298 89 0
-285 -16 245 0
-155 -30 96 0
-42 95 196 0
-53 -273 297 0
-275 44 -296 0
-66 -217 -16 0
160 -255 -15 0
78 47 -192 0
-6 -152 28 0
97 199 -150 0
229 151 -78 0
43 -200 -36 0
-21 -57 91 0
-276 180 -64 0
130 -98 -117 0
-256 -119 -213 0
242 37 216 0
-30 263 -195 0
82 -147 -248 0
41 -95 -54 0
69 -32 146 0
213 176 300 0
151 -28 260 0
86 114 295 0
-32 83 41 0
-247 -64 -6 0
-94 -18 -181 0
243 -187 -265 0
163 136 -156 0
115 -98 300 0
-264 168 -177 0
149 216 -88 0
125 291 -254 0
-243 67 -81 0
-29 167 143 0
216 29 -154 0
-22 -158 -90 0
102 -77 169 0
224 -54 -270 0
19 -272 -187 0
75 -158 127 0
264 -92 51 0
-8 164 -246 0
138 195 183 0
167 -220 78 0
293 -287 -179 0
245 22 -212 0
69 -196 8 0
-40 225 146 0
-104 241 147 0
222 -15 260 0
200 -279 201 0
11 -19 -91 0
92 -87 -262 0
214 252 57 0
-73 -244 -65 0
242 -46 -52 0
-30 -12 260 0
-210 272 99 0
256 235 -74 0
195 -259 273 0
-27 21 -97 0
-270 199 -56 0
175 -183 -139 0
-108 -166 20 0
-93 -44 50 0
179 -284 262 0
91 124 43 0
-97 225 -242 0
-145 255 -231 0
-3 -298 -158 0
-230 -77 240 0
-241 -89 274 0
-136 -35 31 0
-84 138 -18 0
191 29 12 0
227 -271 106 0
71 -122 87 0
-56 -108 226 0
-62 -286 -47 0
-81 -54 192 0
-153 62 45 0
-127 -25 -268 0
118 30 -200 0
-168 75 95 0
176 148 -226 0
30 -280 127 0
22 -118 -26 0
69 202 285 0
87 -46 -88 0
9 32 -117 0
-113 -54 -213 0
226 63 214 0
-33 274 107 0
-231 -8 228 0
-225 156 -103 0
-161 -45 -145 0
78 -174 -244 0
-55 -207 215 0
-271 -237 181 0
-89 -164 166 0
-187 -203 -244 0
-5 201 282 0
-264 -189 -99 0
101 189 -203 0
-160 -106 -264 0
275 -212 -231 0
176 -124 144 0
-52 232 78 0
94 -189 -141 0
-115 -287 151 0
-296 -34 270 0
18 -51 -288 0
275 -284 -207 0
-153 -175 -164 0
172 -40 -9 0
-243 -164 -168 0
251 -2 100 0
-72 8 90 0
191 17 -273 0
-60 108 -86 0
-17 216 -119 0
-119 -205 -207 0
88 87 24 0
39 264 91 0
-171 197 36 0
2 -129 -142 0
-288 -127 248 0
86 140 26 0
-179 -264 -74 0
-61 -23 -60 0
21 -40 -50 0
258 207 145 0
64 -5 -200 0
-29 18 -88 0
200 38 177 0
-156 121 299 0
190 250 64 0
63 17 -77 0
-278 283 27 0
163 208 272 0
-130 -254 -129 0
-270 -40 -275 0
228 64 269 0
-298 41 -14 0
172 247 53 0
-14 278 -125 0
273 -126 -265 0
98 228 255 0
73 -203 -168 0
-207 210 94 0
-60 63 -112 0
-177 -100 -93 0
229 66 -46 0
43 -294 146 0
286 -89 210 0
-156 134 144 0
214 19 -297 0
273 -259 -25 0
-216 -110 298 0
63 -218 203 0
-108 162 -230 0
155 -55 12 0
-180 -183 -164 0
-18 -211 36 0
180 -279 -97 0
188 -34 134 0
-91 -25 7 0
67 94 -212 0
258 214 157 0
250 -234 9 0
-116 195 -90 0
-216 -300 -171 0
76 213 -20 0
15 122 201 0
284 -81 263 0
159 -269 -216 0
-22 -117 -28 0
-181 -193 230 0
232 98 188 0
-230 173 -50 0
-155 167 21 0
30 -211 -279 0
226 -282 169 0
-276 146 -230 0
296 -264 136 0
298 -45 -61 0
95 201 98 0
19 -250 -201 0
-299 102 -181 0
-287 24 -47 0
-37 165 138 0
-8 -147 -132 0
-108 -257 234 0
-189 150 -266 0
-256 73 -204 0
295 91 287 0
-142 279 -169 0
-285 -215 -152 0
207 -144 210 0
155 -294 -86 0
20 -124 -144 0
183 -45 -191 0
93 241 19 0
25 -42 -178 0
-232 -60 199 0
-92 207 189 0
-277 -299 226 0
185 196 -220 0
-85 -66 -154 0
138 217 -177 0
-207 -11 289 0
285 -275 -122 0
213 229 -241 0
211 221 95 0
-248 291 116 0
-246 129 96 0
-188 103 215 0
15 160 285 0
110 -209 -45 0
200 -159 -271 0
-99 -42 163 0
-80 143 -136 0
