p cnf 80 320
-52 23 -38 0
-60 38 26 0
-28 8 20 0
-52 -32 56 0
35 -52 3 0
-64 -40 -73 0
65 69 -14 0
44 18 -2 0
56 -3 -69 0
20 -80 -14 0
69 4 -12 0
-10 -20 64 0
-73 16 -31 0
61 -62 71 0
-43 62 -16 0
39 46 -62 0
26 -8 54 0
30 17 8 0
14 -4 34 0
77 -37 -70 0
-4 -8 21 0
-41 -13 -43 0
-38 -16 69 0
-5 -43 28 0
67 -24 33 0
58 40 -21 0
7 -10 61 0
-68 76 -9 0
-59 49 5 0
-1 4 45 0
-69 56 40 0
73 -42 -48 0
-6 24 22 0
-80 -77 -37 0
59 24 -61 0
-2 -42 62 0
37 -30 -7 0
4 -16 28 0
11 21 58 0
39 45 -2 0
-2 27 44 0
-28 -13 62 0
38 15 11 0
-73 21 11 0
-21 -18 -31 0
-43 -22 27 0
60 -17 -62 0
-74 14 -23 0
-2 -77 -60 0
51 8 18 0
40 -22 32 0
-30 53 -66 0
75 5 -67 0
-63 -75 41 0
-50 6 63 0
79 -34 67 0
52 -59 13 0
-43 23 46 0
58 -60 -23 0
-10 -46 32 0
22 34 3 0
-24 -35 -30 0
78 -5 -23 0
-12 -14 36 0
-74 11 43 0
-19 -72 23 0
-24 -80 31 0
9 -5 -31 0
47 -26 -64 0
79 57 48 0
-3 -67 -70 0
52 -38 56 0
63 -32 29 0
13 -56 39 0
-3 -48 -30 0
15 -1 10 0
-42 67 47 0
-3 58 48 0
-17 -33 -2 0
-63 45 80 0
-77 -58 46 0
51 63 70 0
63 -9 -26 0
-77 -20 -18 0
5 -9 62 0
-74 53 7 0
21 57 78 0
-15 -70 -51 0
31 41 -28 0
-23 -41 64 0
55 -33 60 0
29 80 -67 0
35 -8 -57 0
-23 56 9 0
-24 51 -45 0
38 12 -78 0
61 -55 -15 0
-8 -75 25 0
24 9 13 0
18 -31 52 0
-23 78 -31 0
8 5 22 0
8 68 -75 0
36 -11 -32 0
-45 -43 70 0
-54 -55 -29 0
78 -79 -50 0
-53 80 -10 0
-4 75 41 0
-22 75 -31 0
-30 27 -8 0
72 43 -71 0
-41 53 -34 0
-65 -59 36 0
36 55 72 0
46 73 8 0
-31 21 20 0
69 -5 19 0
-54 27 -45 0
-2 22 -63 0
-77 -18 4 0
-5 8 11 0
-35 7 23 0
-28 44 12 0
52 -9 -53 0
71 50 -54 0
-17 -72 2 0
-52 -65 -26 0
19 67 43 0
71 44 8 0
-21 -49 -37 0
-27 -31 -30 0
-52 19 -42 0
-26 32 75 0
43 9 -47 0
-5 77 40 0
26 70 -68 0
39 51 58 0
4 -57 -80 0
30 -19 -79 0
37 35 8 0
-17 44 73 0
-57 22 -72 0
-56 67 -62 0
-34 59 -32 0
20 -43 -52 0
-79 67 59 0
26 73 78 0
-78 11 -36 0
-49 67 24 0
-67 70 -48 0
79 45 41 0
27 -42 -64 0
3 -76 45 0
69 -36 24 0
24 54 40 0
38 -19 -7 0
57 28 -52 0
-40 73 3 0
50 34 77 0
-15 20 -17 0
73 -48 8 0
-54 -39 33 0
-44 -80 -11 0
9 -73 -48 0
-3 -74 -2 0
-32 -16 -68 0
5 38 26 0
-37 77 -9 0
38 50 42 0
36 31 18 0
-70 -9 49 0
-11 69 -80 0
-53 -66 -71 0
-8 74 -75 0
-58 -64 -1 0
79 -68 -27 0
-55 30 -44 0
-41 51 7 0
43 -52 19 0
18 -37 3 0
26 -10 54 0
-42 -34 65 0
73 57 7 0
5 -47 -38 0
37 -19 2 0
3 56 -23 0
31 40 -55 0
-12 80 74 0
3 -40 38 0
66 -36 -50 0
-56 -48 71 0
-78 35 -13 0
57 -10 37 0
-32 -39 -55 0
-17 -23 -1 0
-59 12 -52 0
-37 72 14 0
-1 47 19 0
42 -53 2 0
52 -59 -54 0
70 -63 57 0
-66 35 36 0
-12 -70 30 0
13 -10 8 0
44 13 -4 0
-64 1 25 0
-64 -22 -50 0
50 -77 72 0
-31 -33 21 0
-35 -18 69 0
-16 -46 2 0
58 -32 67 0
-40 -15 -59 0
-45 41 -1 0
69 -76 66 0
-60 -20 2 0
47 38 41 0
32 -12 -51 0
-3 -31 77 0
8 50 23 0
-51 -69 -27 0
-42 32 -23 0
-56 -67 26 0
37 39 -21 0
71 -25 -26 0
30 -16 -35 0
-32 -57 41 0
-44 -50 74 0
-35 -16 -39 0
40 -27 23 0
-11 -49 43 0
4 52 -33 0
-75 -60 -74 0
54 22 78 0
-57 -7 6 0
-38 -65 -74 0
-40 54 6 0
66 34 -27 0
-67 11 4 0
64 13 -30 0
-8 -11 23 0
-37 -75 43 0
-53 32 -42 0
-75 -16 -34 0
-60 76 -19 0
-18 -55 -54 0
49 -48 9 0
74 71 51 0
-67 11 -2 0
-53 77 5 0
26 -24 -1 0
60 39 -11 0
22 -43 -12 0
75 -10 32 0
32 -24 -4 0
-74 1 12 0
78 -1 -51 0
18 -78 -35 0
73 39 -65 0
-44 -25 76 0
78 9 -22 0
62 44 -38 0
-56 37 66 0
46 -19 -43 0
9 50 57 0
13 18 -36 0
74 -9 63 0
-2 4 -27 0
28 -79 -59 0
32 79 52 0
-78 -14 37 0
5 -2 50 0
42 7 40 0
33 57 48 0
24 6 -32 0
61 24 -75 0
27 26 -75 0
-44 -78 -64 0
-35 -40 31 0
-61 -6 -27 0
58 -17 -33 0
46 73 39 0
18 -6 -36 0
37 -28 -19 0
28 -73 -18 0
23 78 -10 0
-21 -65 -10 0
29 -41 -31 0
64 -17 -19 0
78 -58 -43 0
-51 -4 -73 0
71 -17 57 0
-10 53 -33 0
30 -70 27 0
-65 6 46 0
-70 -17 79 0
-70 -55 -28 0
15 35 -38 0
54 -35 -18 0
3 -69 -44 0
40 34 -10 0
17 6 36 0
53 -70 -21 0
58 78 -70 0
57 -17 64 0
-15 77 62 0
-65 36 -53 0
22 -24 65 0
22 -23 38 0
-34 -67 -42 0
-13 56 57 0
-46 20 62 0
-7 17 46 0
59 27 5 0
-44 -29 -71 0
-32 -78 76 0
-28 -78 26 0
71 62 15 0
72 45 -57 0
