p cnf 80 320
-43 21 -51 0
-3 11 34 0
-49 12 23 0
-4 27 7 0
20 -33 -57 0
-10 20 -76 0
-19 77 -31 0
-13 -36 -61 0
-2 -78 -15 0
-56 50 16 0
50 -65 -16 0
6 26 27 0
-33 59 66 0
-48 -22 -41 0
-56 19 69 0
67 17 22 0
56 -17 -75 0
-19 -44 8 0
15 -79 -26 0
-49 2 -7 0
-58 72 74 0
-45 9 -8 0
68 -69 62 0
35 -12 27 0
20 46 9 0
-75 -48 32 0
57 1 -34 0
63 -77 40 0
-31 13 -10 0
-63 -64 66 0
-44 31 46 0
77 14 50 0
64 -53 21 0
11 -4 -73 0
18 76 1 0
53 -71 -7 0
76 79 -9 0
-6 50 30 0
32 -78 76 0
38 -24 -36 0
34 71 35 0
74 -65 36 0
60 -39 -47 0
34 9 22 0
44 -30 8 0
-45 30 -41 0
53 63 -5 0
-19 7 -61 0
-75 -59 58 0
-56 64 -22 0
-50 -43 -17 0
-46 57 -15 0
43 -78 -7 0
-32 80 36 0
62 -4 39 0
11 58 -2 0
-57 8 35 0
62 33 -29 0
-2 21 63 0
71 -28 -42 0
65 64 19 0
47 -29 -56 0
-27 -59 -61 0
-29 54 58 0
-29 42 56 0
1 31 59 0
35 -57 -2 0
55 44 -47 0
29 -13 56 0
24 -79 44 0
1 -75 13 0
69 -75 47 0
5 -44 -67 0
27 -49 14 0
2 -13 62 0
-7 -42 77 0
-4 38 54 0
-8 25 18 0
56 50 61 0
-47 -15 -75 0
-12 -56 -17 0
-51 38 4 0
-43 -58 39 0
-42 -4 28 0
70 77 26 0
24 12 -19 0
67 73 -30 0
65 7 -1 0
44 -72 -41 0
-20 31 46 0
29 -73 -72 0
-30 32 -13 0
-43 -56 60 0
5 35 -67 0
-33 -69 -78 0
-52 24 21 0
41 -65 -5 0
23 -30 -55 0
78 -67 -39 0
64 -48 -39 0
60 26 6 0
-64 -66 -13 0
-53 -44 -41 0
79 61 -45 0
-32 -45 49 0
-12 13 11 0
-80 63 26 0
-31 68 -76 0
-55 -69 79 0
14 -61 -16 0
35 5 38 0
45 -34 -75 0
-37 -7 6 0
-28 -69 -58 0
65 52 66 0
-73 -29 43 0
50 -26 -18 0
33 -55 9 0
38 -40 64 0
-71 16 1 0
24 39 -52 0
-73 -19 30 0
8 -19 75 0
-64 51 -56 0
27 -56 30 0
36 28 -48 0
47 7 -2 0
38 22 -43 0
-47 15 -18 0
-73 64 76 0
27 71 -67 0
-52 55 53 0
-52 37 -64 0
-43 -20 -76 0
-27 -14 -48 0
23 5 -71 0
56 11 22 0
13 25 -11 0
-56 45 27 0
48 -31 46 0
-23 48 55 0
-79 18 69 0
67 -37 -70 0
19 -58 66 0
18 -44 1 0
-49 -69 31 0
74 26 6 0
-4 -30 -43 0
69 -63 -1 0
-77 -20 64 0
25 78 63 0
-61 47 -9 0
71 -34 18 0
3 5 55 0
-62 -22 25 0
-23 -73 -59 0
-9 15 31 0
58 -13 36 0
80 -39 -3 0
-72 56 35 0
-78 -33 12 0
-9 -43 -4 0
24 65 -75 0
17 -32 -2 0
60 18 -76 0
56 -55 69 0
-27 -64 -24 0
-54 77 -21 0
24 -76 58 0
64 -75 -35 0
-58 -70 -62 0
30 7 36 0
80 -22 49 0
-20 46 19 0
10 76 53 0
58 33 7 0
61 -40 47 0
-10 60 -26 0
40 -24 72 0
-27 42 -45 0
-71 -64 -48 0
29 17 -62 0
-77 61 74 0
72 -11 -3 0
-61 -29 18 0
-7 34 18 0
69 -28 37 0
-3 51 -74 0
-30 -46 -48 0
4 -41 3 0
-23 57 -14 0
13 1 52 0
-72 -75 -9 0
-68 76 26 0
23 41 -44 0
-68 -3 -65 0
-44 60 -67 0
-55 27 2 0
-27 -47 -63 0
-54 38 9 0
-55 -79 65 0
40 -31 -3 0
-68 -34 58 0
72 34 3 0
-35 -6 -13 0
-58 69 -56 0
46 23 -6 0
25 60 1 0
-72 18 -41 0
-12 16 33 0
17 -1 35 0
66 37 -11 0
51 -49 -25 0
46 80 -42 0
-17 -41 -62 0
18 -34 45 0
31 -69 -44 0
-23 -77 -44 0
72 -58 7 0
29 71 -79 0
-13 80 78 0
14 -1 -55 0
46 -37 10 0
-24 -23 41 0
36 -53 -32 0
-68 -12 36 0
-40 35 -5 0
20 74 -16 0
-15 -77 8 0
-23 9 12 0
27 -69 21 0
-69 -20 59 0
-60 -33 64 0
-30 -31 -21 0
23 28 60 0
-80 -24 -25 0
67 9 45 0
-25 33 11 0
-29 59 2 0
-46 11 -77 0
-26 19 65 0
-65 -68 25 0
48 -33 -25 0
-33 67 50 0
-36 -31 52 0
-28 -43 -41 0
71 -58 -3 0
-4 61 41 0
-49 79 14 0
50 21 -7 0
46 -18 7 0
-77 -54 29 0
-28 -66 -70 0
-5 -32 58 0
-34 4 77 0
73 -29 -22 0
-70 -67 44 0
-58 13 -27 0
-73 72 -12 0
67 -1 77 0
-2 61 65 0
-8 -32 -20 0
-38 60 -70 0
-17 35 18 0
17 72 16 0
-14 -23 -42 0
23 -25 50 0
-60 31 78 0
-9 -45 -76 0
45 33 49 0
-71 15 28 0
-55 -60 -13 0
-34 42 -12 0
-26 -36 12 0
72 57 -3 0
-62 -67 -44 0
27 5 35 0
-7 10 27 0
-47 -33 -27 0
-73 -64 4 0
-1 43 6 0
-31 -60 -33 0
3 -53 24 0
22 -17 -47 0
6 43 -71 0
-67 58 -12 0
-55 16 32 0
-72 -3 67 0
23 -7 -44 0
-3 -17 -43 0
-2 29 -18 0
8 -21 79 0
50 -21 45 0
-1 22 -48 0
-70 -17 -19 0
-11 48 -29 0
-24 7 -11 0
-11 21 -26 0
-29 -39 35 0
-58 62 23 0
14 41 -20 0
68 60 -79 0
-10 44 -8 0
43 -25 -34 0
-54 25 56 0
10 47 76 0
-31 15 65 0
-73 -66 37 0
40 -63 -68 0
-10 -14 -23 0
-42 53 -80 0
-61 -29 15 0
73 37 18 0
64 -52 27 0
21 76 -73 0
-79 -42 -11 0
-76 65 77 0
57 61 17 0
30 51 80 0
-59 -36 38 0
