p cnf 80 320
-44 69 -21 0
43 8 79 0
12 22 -20 0
-34 -37 59 0
-51 41 -54 0
34 -71 -46 0
-42 -11 -16 0
-47 -51 65 0
63 -19 32 0
63 -77 -75 0
-61 19 58 0
28 -21 -70 0
3 18 78 0
-38 65 15 0
78 -18 21 0
20 41 73 0
15 -48 -69 0
61 -65 43 0
10 -32 36 0
-66 -73 -9 0
-61 -20 18 0
-21 25 -19 0
41 -15 -42 0
73 -51 61 0
26 2 -1 0
61 -58 -18 0
-38 -79 28 0
-50 58 66 0
32 45 -77 0
-70 43 67 0
-57 -29 27 0
45 -61 16 0
-69 -44 50 0
-30 -34 -26 0
-23 50 -33 0
-77 -72 64 0
19 59 -25 0
40 -13 33 0
-52 80 40 0
-75 80 33 0
-22 -55 76 0
19 -14 -8 0
-25 30 -39 0
27 5 -43 0
79 -38 -76 0
-75 17 -60 0
-24 78 -75 0
56 -43 -77 0
-23 33 -63 0
6 -14 3 0
-62 48 -52 0
-11 7 26 0
-39 57 -12 0
71 -51 33 0
14 56 71 0
2 40 77 0
-38 -33 -58 0
-29 -16 -71 0
33 -10 -11 0
-72 29 -30 0
19 29 18 0
-27 29 -32 0
11 -12 -77 0
-75 1 36 0
43 20 64 0
-57 18 13 0
-17 -52 -42 0
21 9 58 0
-44 14 -39 0
63 16 -57 0
-59 -18 -53 0
-33 -68 -76 0
16 -58 -30 0
42 66 -50 0
39 20 58 0
-29 -21 35 0
-2 -22 -40 0
11 -21 6 0
-46 -76 14 0
21 -23 -43 0
-64 -12 13 0
1 7 31 0
78 -76 56 0
-66 -42 -51 0
41 20 -12 0
47 64 -19 0
48 76 -64 0
-46 14 -77 0
3 79 -67 0
71 -63 -47 0
44 55 11 0
-24 -54 -37 0
64 -10 -62 0
44 -54 5 0
-70 48 51 0
-60 -58 70 0
51 -64 -1 0
4 27 -11 0
-56 17 67 0
74 59 73 0
24 -31 -69 0
-55 63 25 0
-43 10 62 0
-56 -18 34 0
-79 65 9 0
24 -72 45 0
78 -76 -42 0
14 -42 -22 0
74 -57 -45 0
60 22 38 0
45 69 -10 0
-37 41 -45 0
-64 40 -2 0
-22 -56 -29 0
66 -2 -31 0
3 21 18 0
34 -80 -57 0
-69 43 5 0
-52 -34 -2 0
-78 35 23 0
-70 -7 36 0
60 26 61 0
16 -64 60 0
-25 -41 67 0
-10 -75 -14 0
55 16 25 0
-50 77 -78 0
71 -2 -50 0
6 8 -11 0
-52 -3 59 0
41 -64 27 0
-28 8 -31 0
-37 -55 64 0
30 41 -78 0
80 -44 54 0
-32 -43 -41 0
-70 33 -54 0
-16 -19 75 0
19 13 44 0
-63 61 -76 0
65 -41 -53 0
55 58 -32 0
54 17 38 0
-6 -60 9 0
66 20 36 0
46 -29 -57 0
78 -7 -5 0
70 12 -49 0
58 -14 -67 0
-31 -60 -35 0
39 68 -19 0
77 -80 -49 0
67 41 -9 0
60 -73 74 0
-9 -12 69 0
16 -8 -1 0
-2 -9 -77 0
-36 -8 48 0
-76 45 -68 0
34 -47 14 0
67 27 80 0
-47 -70 -59 0
-24 22 -67 0
-19 43 21 0
-22 -42 58 0
63 -68 75 0
-5 38 17 0
-19 -23 2 0
71 -78 73 0
64 -56 -51 0
-16 6 55 0
72 59 -74 0
-75 24 -33 0
17 4 -39 0
39 55 8 0
67 -17 60 0
-32 -39 50 0
57 -8 69 0
-67 -52 -61 0
46 -19 43 0
67 8 58 0
14 67 71 0
-32 -38 -23 0
17 59 -6 0
77 -64 -37 0
74 -13 47 0
-22 58 -31 0
-28 22 -4 0
-51 4 9 0
13 78 16 0
-4 15 73 0
9 24 -55 0
-10 -67 46 0
-8 59 35 0
-47 -22 -73 0
15 -74 -32 0
-13 -48 -3 0
3 34 70 0
-56 21 29 0
11 -61 5 0
15 -36 -4 0
-67 74 51 0
-4 -71 -56 0
-4 -49 6 0
-61 -71 -10 0
78 41 13 0
74 5 65 0
50 67 59 0
54 37 22 0
-30 -24 11 0
43 1 -39 0
69 14 80 0
-19 24 25 0
69 44 55 0
75 -68 44 0
8 -39 -53 0
-25 79 20 0
-51 49 61 0
-21 49 -62 0
-80 66 -34 0
9 46 -4 0
-65 -75 16 0
6 61 45 0
72 -15 62 0
35 -53 -56 0
-70 28 40 0
22 64 -3 0
17 -33 30 0
18 -54 -6 0
-3 -2 -74 0
-12 -77 27 0
-59 -51 -79 0
44 -62 -35 0
-19 38 6 0
71 68 -52 0
-32 9 34 0
19 -80 15 0
-26 34 -16 0
34 15 48 0
8 -18 17 0
73 -59 -63 0
-27 23 61 0
-62 1 -28 0
68 62 -59 0
21 -66 -62 0
-63 -37 -22 0
-59 -48 42 0
-62 55 -20 0
-36 -63 55 0
-41 9 30 0
59 76 22 0
67 64 61 0
24 75 66 0
-46 -54 -53 0
-37 -67 19 0
10 40 4 0
27 -7 -35 0
-56 61 -22 0
-66 47 -1 0
74 72 -15 0
-43 54 -1 0
1 -25 21 0
23 24 69 0
-32 44 -61 0
50 16 13 0
-45 -10 -21 0
27 35 43 0
61 -26 6 0
-73 6 22 0
36 12 9 0
12 30 46 0
-78 -71 10 0
-14 59 -77 0
-24 25 -2 0
-27 -9 -45 0
74 4 -12 0
-33 20 -74 0
25 29 56 0
-51 -28 45 0
56 -40 48 0
-65 -43 50 0
41 1 -16 0
47 -39 -57 0
34 58 27 0
-64 24 -60 0
-22 -66 33 0
28 71 15 0
19 26 -24 0
-10 26 9 0
5 24 3 0
-60 67 -24 0
4 44 -22 0
1 -15 21 0
80 -14 48 0
-30 -70 -17 0
51 -47 3 0
-24 35 -56 0
6 -25 -11 0
-69 -4 18 0
-68 9 26 0
40 -10 -26 0
-65 -44 71 0
35 -16 -76 0
54 -57 4 0
6 70 -47 0
45 -23 43 0
-57 -40 -58 0
-33 41 56 0
-38 36 23 0
-6 -2 38 0
56 -67 -13 0
-9 67 14 0
29 -38 -13 0
-5 -19 9 0
-7 -23 -61 0
-66 -24 34 0
-39 5 10 0
25 26 6 0
46 -42 -27 0
-71 -52 -68 0
