p cnf 80 320
-74 -31 -53 0
71 55 -78 0
38 77 79 0
-45 -35 -4 0
-69 76 30 0
71 -17 -54 0
-63 -27 -32 0
-53 47 -19 0
-63 -51 37 0
-58 -17 18 0
31 -26 28 0
19 13 -68 0
69 45 21 0
74 10 -28 0
-55 11 4 0
-63 -30 18 0
17 19 -13 0
13 -67 -3 0
-20 -54 21 0
43 -18 -39 0
-73 58 -22 0
-67 -69 -29 0
40 -21 -43 0
-58 -1 61 0
-75 15 9 0
67 -56 -62 0
74 -61 35 0
39 2 66 0
-32 73 -7 0
52 -14 55 0
17 -18 9 0
-51 -62 52 0
-40 60 59 0
17 -26 76 0
5 41 62 0
-16 54 8 0
-56 25 -69 0
-55 -54 -61 0
13 -61 -46 0
42 4 -12 0
6 -29 -52 0
-75 -46 -53 0
-56 -35 -7 0
-77 28 -25 0
54 -51 -20 0
11 -19 -47 0
-57 -56 -21 0
-22 -50 58 0
8 12 -22 0
5 22 57 0
78 -15 -27 0
26 49 3 0
-62 -58 -21 0
-47 51 -11 0
20 -70 64 0
29 46 -51 0
8 -12 13 0
19 75 -78 0
-55 41 72 0
-57 -38 54 0
-72 19 -25 0
64 31 19 0
-9 59 66 0
20 40 56 0
-4 36 -64 0
-56 68 -35 0
16 50 -37 0
-11 43 48 0
-15 -1 -12 0
70 2 5 0
-61 4 -20 0
-77 -65 66 0
60 -68 -73 0
-64 66 -46 0
56 34 8 0
29 39 -26 0
25 14 -62 0
-1 19 51 0
36 -65 -67 0
-49 -26 77 0
-13 -23 -54 0
78 29 46 0
-20 -2 -23 0
-62 30 59 0
-30 26 -69 0
80 65 51 0
-65 -19 23 0
-30 5 -49 0
-6 23 -75 0
44 -32 -43 0
16 -55 -51 0
-5 -2 52 0
37 20 -51 0
9 31 -59 0
64 -73 -80 0
19 -41 28 0
-26 -64 -63 0
52 -68 9 0
-24 -67 11 0
-15 -26 -50 0
72 10 34 0
-37 59 24 0
-17 76 53 0
48 55 -50 0
67 26 -56 0
11 -9 -70 0
10 71 -24 0
65 -21 71 0
42 7 -9 0
-23 14 -46 0
52 60 -79 0
52 -30 -68 0
12 23 -4 0
-21 -16 14 0
-58 26 -51 0
-62 63 -25 0
-11 7 37 0
51 6 -21 0
80 -16 50 0
4 -1 44 0
-44 17 -63 0
55 -80 18 0
66 -1 -25 0
11 17 -44 0
29 -50 -20 0
-57 59 -44 0
-30 -55 -38 0
49 -79 13 0
-25 3 -9 0
62 60 -57 0
-37 47 6 0
77 -71 73 0
37 70 -41 0
-32 17 4 0
-11 -25 27 0
8 -59 5 0
18 8 30 0
-46 -58 -13 0
32 27 -77 0
-67 -29 -64 0
-61 43 -50 0
26 8 17 0
10 -7 62 0
79 43 -55 0
50 -11 79 0
-20 11 -34 0
10 -37 -42 0
40 -69 19 0
58 -68 64 0
17 72 -43 0
-49 -36 -7 0
-15 -37 -1 0
-29 -46 32 0
-71 -32 38 0
59 -57 8 0
-7 -33 -66 0
21 65 -70 0
-15 31 9 0
-66 -12 54 0
56 62 71 0
43 -54 -55 0
-18 70 -1 0
45 80 -10 0
-50 -1 8 0
44 -40 68 0
61 -78 32 0
38 6 22 0
34 -22 19 0
-14 -47 4 0
-66 -2 -78 0
-71 29 42 0
44 20 79 0
-32 -62 40 0
3 -35 73 0
-79 41 -11 0
-20 -36 37 0
-39 -2 -30 0
-7 -3 -34 0
-51 8 3 0
18 36 60 0
-25 -11 -41 0
-43 71 16 0
52 -67 -39 0
-47 27 -63 0
-77 -39 11 0
29 79 55 0
49 53 -20 0
-11 61 -65 0
62 38 -11 0
-27 -17 16 0
-33 -52 24 0
-46 -69 -9 0
74 45 -41 0
64 74 -28 0
42 39 68 0
-80 41 76 0
49 -14 60 0
-1 -70 10 0
-9 59 60 0
35 12 -42 0
21 71 -56 0
31 73 -72 0
-6 -15 33 0
31 -59 -3 0
80 -1 63 0
-65 12 6 0
55 -63 -24 0
-78 -16 11 0
1 -25 7 0
67 73 -12 0
24 27 46 0
-3 52 -18 0
-40 68 31 0
49 4 -31 0
43 40 4 0
35 -79 39 0
30 76 -15 0
62 40 77 0
1 -46 68 0
-67 44 -23 0
-48 51 60 0
-12 78 -2 0
34 78 59 0
-6 51 -18 0
14 69 51 0
-38 -32 -6 0
-1 45 -73 0
68 4 -15 0
-76 77 -30 0
72 -69 -46 0
-3 -11 21 0
62 55 -67 0
-51 -38 -29 0
-14 5 78 0
2 -38 -10 0
-68 42 -69 0
-26 -68 33 0
-33 -63 -11 0
43 11 62 0
-11 46 -54 0
-69 -77 -61 0
33 -23 9 0
-12 27 7 0
5 33 4 0
-79 80 -74 0
-51 17 -25 0
73 -42 62 0
13 30 67 0
25 -76 -45 0
-62 -69 11 0
-80 75 11 0
13 -52 49 0
-17 -40 -48 0
72 -27 -3 0
26 8 38 0
-26 -44 -8 0
73 -78 61 0
-41 -33 19 0
-20 36 60 0
-58 41 47 0
-26 -32 -1 0
79 -74 -46 0
40 10 8 0
39 -2 -9 0
21 -63 -33 0
52 -23 67 0
64 -61 -23 0
37 52 45 0
-37 -67 -54 0
-29 10 -63 0
68 -59 -38 0
30 41 44 0
12 -69 -14 0
46 -40 2 0
-41 29 -37 0
-13 -2 46 0
-51 -21 34 0
55 76 36 0
-5 78 -36 0
64 -33 20 0
-32 53 3 0
22 54 -61 0
41 -35 -49 0
27 -59 73 0
71 5 -18 0
22 -5 -23 0
-30 66 -69 0
-58 -10 -69 0
2 73 -10 0
23 15 -50 0
17 -51 63 0
35 -61 -22 0
6 78 68 0
-11 -3 65 0
-8 -43 -1 0
57 6 12 0
-15 -31 -48 0
-31 14 10 0
31 49 18 0
45 -48 -37 0
30 -52 49 0
49 -14 -56 0
-4 -52 -47 0
31 -16 79 0
-67 58 73 0
-75 77 36 0
71 -69 28 0
56 7 80 0
-3 60 47 0
-26 -54 -27 0
32 38 -55 0
30 5 46 0
-74 -47 3 0
41 -45 -14 0
-28 3 -19 0
-46 -40 74 0
32 -11 46 0
61 52 -16 0
29 55 -8 0
-15 -26 -55 0
