p cnf 90 360
-90 -19 -4 0
-56 32 71 0
-60 74 -37 0
-47 2 -4 0
-57 40 -47 0
-13 -23 65 0
-59 2 -39 0
-19 -21 24 0
40 -33 -53 0
-27 -41 -31 0
65 -5 36 0
36 -61 55 0
-85 -69 90 0
-85 33 -4 0
-77 29 20 0
76 64 -43 0
-72 27 39 0
-14 79 -61 0
-8 -2 -45 0
-49 88 20 0
8 63 68 0
-41 -45 18 0
-58 76 -73 0
19 -78 -44 0
31 4 18 0
76 -45 43 0
-36 53 -38 0
77 45 -16 0
62 -79 -68 0
-56 -82 -38 0
42 -82 -4 0
-84 41 -29 0
-26 82 -1 0
-21 -17 73 0
-54 15 -60 0
54 38 -20 0
3 41 21 0
82 -8 -40 0
-57 -31 30 0
-43 14 90 0
33 -45 -23 0
-72 1 82 0
53 28 -32 0
29 -88 -85 0
35 72 -55 0
30 -86 -29 0
-61 19 85 0
-43 6 69 0
-9 87 66 0
85 -27 -19 0
-9 -41 -45 0
88 -41 -90 0
77 44 -37 0
-81 80 -65 0
-68 -79 49 0
-48 17 -75 0
-80 -1 49 0
-27 4 -40 0
-15 9 70 0
74 4 -13 0
69 -71 -33 0
71 50 15 0
-70 4 -35 0
-37 36 67 0
80 -23 22 0
-45 -71 -9 0
-4 88 -59 0
-23 66 88 0
-84 -35 41 0
57 -23 74 0
-90 5 68 0
-8 2 86 0
30 23 21 0
-29 -15 56 0
35 -46 62 0
-10 -72 4 0
42 81 67 0
27 -71 62 0
82 -14 24 0
23 52 25 0
60 46 25 0
51 -73 70 0
41 68 69 0
-21 1 -29 0
26 45 81 0
62 -79 14 0
42 -40 -67 0
-87 40 -52 0
-65 -2 -30 0
-52 43 -56 0
50 7 57 0
-13 -46 8 0
-34 -52 29 0
14 -47 -83 0
-7 -54 63 0
6 -7 -22 0
-45 47 -49 0
-73 -19 78 0
-61 65 68 0
16 24 -9 0
-12 -31 39 0
58 -49 -83 0
30 -50 -76 0
57 -89 77 0
63 -65 -85 0
5 49 -39 0
50 -80 -71 0
28 -24 58 0
37 -68 31 0
-63 18 51 0
-34 70 -52 0
-2 75 -32 0
-78 27 59 0
-85 32 -40 0
-26 -78 25 0
-16 -55 -63 0
-79 -41 -17 0
-81 -3 80 0
63 -66 -8 0
41 2 -89 0
-28 -7 -23 0
73 -5 37 0
57 1 42 0
81 -18 -85 0
-48 38 35 0
52 -32 20 0
-48 -37 -21 0
34 75 -62 0
81 45 -43 0
-46 9 69 0
-71 85 -67 0
-25 -52 31 0
-77 -54 25 0
50 36 -65 0
-55 -33 -26 0
17 -3 69 0
38 16 78 0
-32 -71 11 0
-34 -72 25 0
-70 79 -66 0
-37 -33 16 0
70 -28 14 0
3 -54 64 0
-87 22 71 0
7 -70 -49 0
68 40 18 0
-48 39 -9 0
6 -31 69 0
-28 -51 54 0
2 -14 54 0
39 27 -9 0
-52 -1 -22 0
29 24 67 0
-76 81 -67 0
29 -28 -62 0
28 74 -50 0
-22 10 -25 0
30 19 35 0
-68 -14 18 0
-65 -72 -11 0
45 15 -16 0
71 89 -20 0
72 89 77 0
10 15 75 0
-64 1 63 0
-70 64 41 0
-2 51 21 0
77 34 70 0
-10 -4 -70 0
5 -87 -67 0
-61 84 -67 0
-48 -35 -73 0
56 47 21 0
-79 -21 -61 0
-41 3 90 0
-58 -40 -18 0
-47 8 48 0
-7 62 -64 0
-41 -21 -57 0
37 31 -6 0
33 52 -76 0
49 19 -37 0
-59 -79 -21 0
-21 27 46 0
7 90 -46 0
30 -29 21 0
74 61 -87 0
68 64 -47 0
-69 17 32 0
-49 -68 -37 0
14 -24 19 0
-19 -75 55 0
61 -49 5 0
-79 -58 27 0
-42 -21 25 0
-65 -81 32 0
49 71 50 0
21 61 2 0
-7 -23 -35 0
17 -36 -88 0
-57 -36 2 0
43 -62 21 0
83 20 64 0
67 -69 50 0
19 76 -84 0
-36 -43 71 0
87 42 -16 0
-68 -49 31 0
-5 89 61 0
-23 -44 59 0
-16 17 -11 0
90 3 -78 0
79 -2 14 0
-21 53 23 0
38 -20 -85 0
23 87 -46 0
29 -6 80 0
86 -83 75 0
41 84 -22 0
-3 48 22 0
-15 -73 25 0
66 5 -24 0
39 43 90 0
-12 -11 19 0
-69 -86 -30 0
57 87 81 0
37 -55 61 0
1 55 -32 0
-23 66 71 0
-26 21 36 0
90 -57 -54 0
30 -65 55 0
87 20 22 0
81 -55 -90 0
49 7 -60 0
-44 57 -68 0
-18 85 -53 0
3 66 -76 0
34 -55 -31 0
-46 41 -34 0
-17 30 10 0
16 -65 -33 0
-21 52 -70 0
6 12 -24 0
-76 45 -44 0
-87 -27 -4 0
-84 25 -43 0
-9 16 72 0
-7 60 61 0
-74 -24 -33 0
-16 89 -68 0
39 35 -4 0
83 63 -35 0
-55 45 35 0
70 74 46 0
-84 58 64 0
9 71 38 0
-6 -10 -89 0
-36 -61 -2 0
18 23 35 0
68 1 35 0
45 39 9 0
-22 -67 -44 0
37 42 30 0
12 37 -9 0
-64 -24 34 0
-1 -62 64 0
-38 84 -78 0
2 77 -83 0
-10 -24 52 0
-42 31 51 0
-32 65 90 0
-64 -79 34 0
41 -11 -12 0
-69 -63 81 0
-28 48 -80 0
85 -9 29 0
-45 -54 41 0
20 68 -12 0
70 -18 -67 0
-60 -37 20 0
-14 -79 -77 0
30 71 77 0
3 -77 -50 0
-20 39 -84 0
59 33 84 0
-82 27 28 0
63 57 44 0
65 25 -60 0
-26 -61 44 0
45 -31 -51 0
-55 71 85 0
22 64 -38 0
65 -79 70 0
35 8 81 0
3 19 -8 0
77 88 73 0
-26 -18 82 0
29 -81 68 0
-27 -26 68 0
-9 64 28 0
-20 -58 85 0
-22 -6 84 0
56 -28 -52 0
29 69 -37 0
-83 2 -34 0
51 5 -31 0
20 -84 52 0
87 60 -76 0
42 -61 -81 0
80 14 53 0
72 23 -45 0
50 -66 64 0
81 -58 -45 0
84 -33 68 0
75 58 -61 0
-6 -8 -41 0
-42 -39 56 0
-58 -33 19 0
43 35 29 0
-8 44 63 0
-60 -70 20 0
-81 34 2 0
3 7 59 0
74 89 -48 0
43 2 -5 0
-61 -55 -2 0
-74 -7 35 0
-29 42 71 0
-22 -34 -33 0
9 7 -32 0
35 36 4 0
-73 43 17 0
62 -75 42 0
-36 33 45 0
-22 12 -24 0
-1 -8 -18 0
87 -64 -54 0
-40 49 51 0
4 -77 -79 0
25 -7 89 0
-42 49 87 0
35 80 -84 0
-50 -30 -72 0
60 38 34 0
-39 87 -57 0
-37 -84 -70 0
-24 -35 74 0
-56 75 -40 0
-38 -2 56 0
-25 -56 11 0
-68 -43 -5 0
-65 -49 54 0
-13 -64 29 0
-15 -75 -64 0
-27 -57 -33 0
-65 -39 33 0
52 -84 30 0
4 -80 -1 0
-5 7 44 0
