p cnf 90 360
-47 -37 1 0
-35 -40 28 0
-37 -15 -13 0
-26 -7 -4 0
-58 -70 80 0
-28 -18 27 0
-49 55 -7 0
-18 45 5 0
-39 73 28 0
40 2 71 0
-3 49 -40 0
65 -15 -70 0
58 -53 -23 0
71 67 -62 0
-85 31 63 0
-32 60 -74 0
-86 -55 -72 0
-77 -86 17 0
-31 32 88 0
-30 42 -60 0
76 -36 54 0
-31 -83 -73 0
-32 59 24 0
-77 7 -79 0
-82 -6 66 0
-27 -19 40 0
-25 -26 58 0
11 -86 16 0
12 13 46 0
65 64 -33 0
-39 72 -28 0
37 -80 32 0
-47 31 -68 0
18 74 -59 0
10 25 -30 0
65 -68 -75 0
57 -71 -67 0
22 66 45 0
-4 -61 57 0
-68 67 65 0
67 -51 -78 0
-42 26 6 0
6 40 39 0
64 82 -76 0
5 75 -83 0
-73 -56 -89 0
-7 -72 -70 0
45 23 -62 0
77 40 47 0
-65 10 -40 0
24 86 -55 0
-61 46 -25 0
-59 42 -26 0
-28 58 36 0
28 -78 -49 0
56 59 -36 0
23 -21 30 0
-18 78 -26 0
16 -45 63 0
-23 -22 -10 0
87 -17 44 0
-55 -49 -87 0
-83 3 -31 0
-15 -20 -4 0
-5 -28 -59 0
-46 49 76 0
57 1 -84 0
71 -46 -56 0
-25 26 -1 0
76 65 -67 0
53 71 -75 0
-3 -32 81 0
43 -55 -5 0
55 -50 -38 0
59 21 87 0
-22 -54 16 0
75 17 -42 0
-62 25 52 0
-16 -20 -69 0
-19 73 -83 0
-80 -60 37 0
-25 -76 3 0
-44 87 90 0
35 90 -80 0
71 7 79 0
54 78 -46 0
39 -21 44 0
-23 64 46 0
42 -27 -68 0
32 -55 -21 0
-88 -72 -33 0
-78 86 -27 0
50 30 54 0
88 76 44 0
81 -10 -4 0
40 -6 10 0
-88 50 80 0
10 -87 56 0
-90 -14 -43 0
-28 33 49 0
-82 45 -75 0
-2 65 71 0
-49 45 20 0
37 17 -12 0
25 -59 -61 0
18 -57 -51 0
-7 -83 -1 0
-68 76 -69 0
88 -41 15 0
71 36 26 0
-52 -2 -48 0
-63 49 -3 0
-14 20 -38 0
-80 31 89 0
-62 37 -64 0
89 -6 30 0
81 -31 -75 0
57 84 -81 0
52 51 48 0
50 -43 11 0
-79 43 -67 0
-21 -86 -87 0
-7 -27 62 0
51 -45 41 0
-15 78 74 0
-85 16 -54 0
-5 -29 -12 0
71 16 -82 0
16 53 -6 0
-5 29 82 0
-65 -24 30 0
-77 -28 63 0
18 -22 76 0
-63 -1 -38 0
-17 28 -80 0
48 -54 -52 0
-2 43 38 0
41 62 85 0
-74 70 -48 0
-26 -47 8 0
-84 64 51 0
82 41 28 0
-78 68 67 0
-90 -4 -55 0
86 -43 84 0
-73 13 -85 0
11 -67 -86 0
47 51 81 0
29 -12 -79 0
-14 48 62 0
62 -84 64 0
15 37 26 0
-4 14 51 0
86 -27 -64 0
-68 87 1 0
23 25 46 0
75 15 -33 0
-37 -87 -4 0
61 -64 54 0
18 -29 83 0
81 84 -16 0
1 86 27 0
69 -36 30 0
-2 -51 -64 0
-89 34 78 0
9 -47 -85 0
19 -75 58 0
-36 -60 -43 0
-58 -46 -15 0
-44 -14 -67 0
66 26 -49 0
-66 -83 -4 0
69 80 -63 0
33 -36 -61 0
-31 11 32 0
90 -19 -84 0
87 38 -23 0
50 -8 -90 0
-68 -41 -18 0
68 74 73 0
25 90 81 0
-15 60 67 0
84 -37 -57 0
83 24 -42 0
-79 -78 30 0
23 48 29 0
-67 79 -25 0
-27 43 -82 0
69 18 35 0
61 -54 -15 0
42 -27 -74 0
68 -9 -81 0
-6 -87 9 0
79 -83 -8 0
-2 67 -69 0
-50 -1 62 0
-75 -31 -72 0
-51 -59 -81 0
-43 -38 53 0
-48 -70 -34 0
55 30 32 0
-70 -58 -1 0
-11 6 86 0
-38 -44 -86 0
-31 -25 11 0
-30 -27 -7 0
30 -38 63 0
83 -66 -44 0
-77 47 39 0
13 -10 26 0
-4 -38 -77 0
-58 -45 -59 0
-29 65 -81 0
80 -27 66 0
-27 -33 31 0
-39 76 -70 0
60 64 44 0
51 63 -2 0
-80 -62 72 0
-25 3 -11 0
-56 -22 -67 0
82 43 -7 0
37 -27 69 0
19 84 -12 0
55 -70 27 0
12 -17 -69 0
74 -10 65 0
-68 -65 59 0
59 -10 -21 0
30 -43 -6 0
-77 19 49 0
-86 -66 -34 0
-65 -47 30 0
72 78 -25 0
41 68 -21 0
22 -76 82 0
89 83 -4 0
-84 -55 -4 0
-49 89 7 0
-74 19 -55 0
71 39 -54 0
-29 -5 61 0
-90 -69 -14 0
-38 -19 11 0
-53 75 49 0
23 32 25 0
-12 69 -35 0
-13 -86 -55 0
62 -29 -28 0
26 -72 61 0
-14 90 -53 0
58 52 73 0
37 6 52 0
-25 60 -29 0
-47 -74 67 0
31 30 62 0
73 -74 31 0
8 79 -76 0
-83 13 8 0
5 71 -74 0
-26 -62 -2 0
-26 86 -32 0
55 -12 2 0
-18 82 40 0
22 12 79 0
84 -61 75 0
21 -49 -80 0
14 -75 -48 0
-64 -27 83 0
63 6 46 0
-6 -7 -75 0
-28 -57 -48 0
-16 59 -24 0
-80 58 -15 0
3 19 6 0
53 -29 82 0
-3 11 -43 0
-35 61 71 0
-27 75 -10 0
69 -1 77 0
37 44 -74 0
-19 64 -12 0
87 66 85 0
-87 -22 58 0
6 70 88 0
-52 -9 -80 0
-49 -31 89 0
24 40 11 0
43 60 -7 0
-79 7 -43 0
-49 20 11 0
34 87 -49 0
82 -36 77 0
-44 -63 33 0
14 28 -35 0
5 30 -69 0
69 -20 -15 0
34 39 -15 0
-16 -43 -3 0
-75 35 -60 0
-18 50 -81 0
-47 -39 80 0
-46 -24 -11 0
12 44 -65 0
5 3 -39 0
-72 -27 79 0
-37 -32 -25 0
-59 -74 -36 0
66 -62 39 0
-43 -60 -6 0
64 68 87 0
73 -6 -43 0
9 43 -33 0
-82 -90 -22 0
-9 -67 85 0
-70 -51 -66 0
61 -74 -14 0
4 -32 43 0
-57 86 1 0
-28 -88 -79 0
-61 28 -51 0
-60 -64 80 0
12 45 -74 0
-35 76 -68 0
-84 -56 -6 0
-68 -69 -67 0
53 -73 -5 0
-30 59 -7 0
41 -78 -29 0
10 9 47 0
-30 83 -13 0
62 41 18 0
18 71 76 0
6 82 72 0
25 -23 11 0
15 78 -83 0
20 74 55 0
-73 -80 -52 0
-47 -42 82 0
89 26 61 0
69 54 -38 0
-79 1 -64 0
-24 31 55 0
-66 -51 -6 0
-50 -35 -18 0
35 -42 -52 0
-74 62 41 0
88 58 7 0
51 -25 -2 0
-45 -27 -43 0
57 34 -26 0
-75 -58 3 0
-61 -22 -24 0
18 29 12 0
-33 63 76 0
-20 67 -27 0
61 -60 57 0
-32 -88 -73 0
55 81 -52 0
51 28 53 0
